3.100000000000000000e+01
2.900000000000000000e+01
2.000000000000000000e+01
2.500000000000000000e+01
5.100000000000000000e+01
5.500000000000000000e+01
5.500000000000000000e+01
8.700000000000000000e+01
6.800000000000000000e+01
5.100000000000000000e+01
8.000000000000000000e+00
-4.600000000000000000e+01
-2.600000000000000000e+01
-2.000000000000000000e+00
-3.000000000000000000e+00
-5.500000000000000000e+01
-9.100000000000000000e+01
-7.300000000000000000e+01
-2.800000000000000000e+01
1.700000000000000000e+01
-2.600000000000000000e+01
-7.900000000000000000e+01
-9.900000000000000000e+01
-9.900000000000000000e+01
-6.500000000000000000e+01
-3.700000000000000000e+01
-4.200000000000000000e+01
-4.900000000000000000e+01
-9.000000000000000000e+00
2.600000000000000000e+01
5.700000000000000000e+01
8.000000000000000000e+01
5.000000000000000000e+01
1.500000000000000000e+01
-8.000000000000000000e+00
-4.000000000000000000e+00
5.100000000000000000e+01
8.600000000000000000e+01
4.900000000000000000e+01
-7.000000000000000000e+00
-2.900000000000000000e+01
-4.800000000000000000e+01
-5.500000000000000000e+01
-6.100000000000000000e+01
-9.000000000000000000e+01
-1.040000000000000000e+02
-6.900000000000000000e+01
-9.000000000000000000e+00
-2.800000000000000000e+01
-1.050000000000000000e+02
-1.460000000000000000e+02
-1.400000000000000000e+02
-1.010000000000000000e+02
-2.300000000000000000e+01
4.800000000000000000e+01
3.300000000000000000e+01
4.500000000000000000e+01
1.000000000000000000e+02
6.500000000000000000e+01
-3.000000000000000000e+00
-3.900000000000000000e+01
-5.600000000000000000e+01
-1.600000000000000000e+01
1.080000000000000000e+02
1.650000000000000000e+02
1.120000000000000000e+02
5.700000000000000000e+01
2.100000000000000000e+01
1.000000000000000000e+02
2.740000000000000000e+02
4.130000000000000000e+02
4.480000000000000000e+02
4.010000000000000000e+02
3.690000000000000000e+02
3.960000000000000000e+02
5.000000000000000000e+02
6.060000000000000000e+02
4.990000000000000000e+02
2.700000000000000000e+01
-4.380000000000000000e+02
-5.120000000000000000e+02
-3.830000000000000000e+02
-2.660000000000000000e+02
-3.460000000000000000e+02
-6.260000000000000000e+02
-7.490000000000000000e+02
-5.200000000000000000e+02
-4.970000000000000000e+02
-9.880000000000000000e+02
-1.223000000000000000e+03
-7.370000000000000000e+02
-3.000000000000000000e+01
3.880000000000000000e+02
4.020000000000000000e+02
8.300000000000000000e+01
-1.820000000000000000e+02
-2.000000000000000000e+01
2.980000000000000000e+02
4.470000000000000000e+02
5.860000000000000000e+02
6.880000000000000000e+02
6.040000000000000000e+02
4.170000000000000000e+02
2.140000000000000000e+02
9.000000000000000000e+00
-2.470000000000000000e+02
-3.720000000000000000e+02
-2.180000000000000000e+02
4.800000000000000000e+01
1.070000000000000000e+02
-2.260000000000000000e+02
-5.820000000000000000e+02
-6.900000000000000000e+02
-8.380000000000000000e+02
-1.093000000000000000e+03
-1.059000000000000000e+03
-7.100000000000000000e+02
-4.480000000000000000e+02
-3.350000000000000000e+02
-1.940000000000000000e+02
-3.000000000000000000e+01
9.700000000000000000e+01
3.870000000000000000e+02
1.023000000000000000e+03
1.818000000000000000e+03
2.487000000000000000e+03
3.127000000000000000e+03
3.776000000000000000e+03
4.059000000000000000e+03
3.713000000000000000e+03
2.999000000000000000e+03
2.451000000000000000e+03
1.726000000000000000e+03
2.460000000000000000e+02
-1.946000000000000000e+03
-3.841000000000000000e+03
-3.804000000000000000e+03
-2.886000000000000000e+03
-3.640000000000000000e+03
-2.843000000000000000e+03
-1.677000000000000000e+03
-4.350000000000000000e+03
-5.941000000000000000e+03
-1.787000000000000000e+03
3.385000000000000000e+03
8.130000000000000000e+02
1.332000000000000000e+03
2.240000000000000000e+03
3.499000000000000000e+03
5.544000000000000000e+03
4.057000000000000000e+03
7.730000000000000000e+03
4.756000000000000000e+03
4.782000000000000000e+03
1.282500000000000000e+04
1.093900000000000000e+04
-6.434000000000000000e+03
-1.688300000000000000e+04
-1.657600000000000000e+04
-1.464500000000000000e+04
-1.497100000000000000e+04
-2.274900000000000000e+04
-1.567500000000000000e+04
-5.491000000000000000e+03
-5.961000000000000000e+03
-1.058500000000000000e+04
-1.168100000000000000e+04
-1.125900000000000000e+04
-4.792000000000000000e+03
1.853200000000000000e+04
1.738400000000000000e+04
1.456000000000000000e+04
2.223200000000000000e+04
2.102600000000000000e+04
2.389600000000000000e+04
1.564900000000000000e+04
-1.210000000000000000e+03
-6.052000000000000000e+03
1.318200000000000000e+04
1.708900000000000000e+04
-3.438000000000000000e+03
-9.777000000000000000e+03
-6.086000000000000000e+03
-4.323000000000000000e+03
1.510000000000000000e+02
5.143000000000000000e+03
-5.709000000000000000e+03
-1.416700000000000000e+04
4.420000000000000000e+03
2.112300000000000000e+04
1.317600000000000000e+04
3.079000000000000000e+03
5.680000000000000000e+02
-3.009000000000000000e+03
2.286000000000000000e+03
8.325000000000000000e+03
3.509000000000000000e+03
4.840000000000000000e+02
-9.524000000000000000e+03
-1.286300000000000000e+04
-5.955000000000000000e+03
-5.905000000000000000e+03
-1.289300000000000000e+04
-2.208900000000000000e+04
-1.982700000000000000e+04
-1.781000000000000000e+04
-8.750000000000000000e+03
-5.558000000000000000e+03
-7.727000000000000000e+03
-1.471000000000000000e+03
-9.539000000000000000e+03
-8.101000000000000000e+03
-4.172000000000000000e+03
-5.500000000000000000e+03
-6.811000000000000000e+03
-6.987000000000000000e+03
-2.071000000000000000e+03
1.600000000000000000e+03
9.034000000000000000e+03
8.339000000000000000e+03
7.713000000000000000e+03
6.176000000000000000e+03
-1.564000000000000000e+03
1.392000000000000000e+03
1.300200000000000000e+04
1.199500000000000000e+04
1.575700000000000000e+04
2.841000000000000000e+04
2.686000000000000000e+04
2.256200000000000000e+04
2.000400000000000000e+04
1.925600000000000000e+04
3.331000000000000000e+03
1.225000000000000000e+03
1.410600000000000000e+04
-2.656000000000000000e+03
-2.583000000000000000e+03
9.220000000000000000e+03
-9.785000000000000000e+03
-1.527600000000000000e+04
-7.606000000000000000e+03
-1.090500000000000000e+04
-2.837300000000000000e+04
-1.762200000000000000e+04
7.201000000000000000e+03
-1.765300000000000000e+04
-1.584200000000000000e+04
8.550000000000000000e+02
-5.017000000000000000e+03
-7.088000000000000000e+03
3.373000000000000000e+03
1.874600000000000000e+04
1.140000000000000000e+04
1.359600000000000000e+04
1.838100000000000000e+04
5.651000000000000000e+03
-7.363000000000000000e+03
-1.124700000000000000e+04
-2.145700000000000000e+04
-1.580600000000000000e+04
-1.311400000000000000e+04
-2.793000000000000000e+04
-2.135600000000000000e+04
-1.880700000000000000e+04
-1.586700000000000000e+04
-2.007100000000000000e+04
-1.276200000000000000e+04
-5.849000000000000000e+03
-8.540000000000000000e+03
9.698000000000000000e+03
1.713500000000000000e+04
1.231000000000000000e+04
8.651000000000000000e+03
1.785700000000000000e+04
2.023900000000000000e+04
2.346500000000000000e+04
2.952000000000000000e+04
1.657600000000000000e+04
7.222000000000000000e+03
1.321200000000000000e+04
9.664000000000000000e+03
-8.729000000000000000e+03
-7.698000000000000000e+03
-3.177000000000000000e+03
-2.621000000000000000e+03
-6.700000000000000000e+02
5.365000000000000000e+03
-8.466000000000000000e+03
-2.612100000000000000e+04
-1.073800000000000000e+04
2.210000000000000000e+02
-1.550000000000000000e+03
4.982000000000000000e+03
2.522500000000000000e+04
2.289300000000000000e+04
1.546800000000000000e+04
1.980900000000000000e+04
1.063700000000000000e+04
1.061000000000000000e+03
-1.263000000000000000e+03
1.105600000000000000e+04
1.047800000000000000e+04
-5.472000000000000000e+03
-1.225000000000000000e+04
-1.415800000000000000e+04
-1.768700000000000000e+04
-2.325400000000000000e+04
-1.114800000000000000e+04
-4.684000000000000000e+03
-1.197400000000000000e+04
-7.523000000000000000e+03
-3.536000000000000000e+03
-8.100000000000000000e+02
-6.250000000000000000e+03
-7.346000000000000000e+03
1.023000000000000000e+03
7.227000000000000000e+03
1.022500000000000000e+04
-2.050000000000000000e+02
-3.312000000000000000e+03
9.687000000000000000e+03
4.337000000000000000e+03
-1.122600000000000000e+04
-3.372000000000000000e+03
1.564000000000000000e+03
-5.674000000000000000e+03
-3.453000000000000000e+03
-1.490000000000000000e+03
-1.318000000000000000e+03
-6.082000000000000000e+03
-1.392600000000000000e+04
-6.556000000000000000e+03
8.382000000000000000e+03
3.540000000000000000e+03
-1.037900000000000000e+04
-6.490000000000000000e+02
1.582300000000000000e+04
4.607000000000000000e+03
-8.506000000000000000e+03
-6.165000000000000000e+03
-4.512000000000000000e+03
1.095000000000000000e+03
1.374000000000000000e+03
6.422000000000000000e+03
7.586000000000000000e+03
4.527000000000000000e+03
-6.010000000000000000e+02
-8.802000000000000000e+03
-2.067000000000000000e+03
5.780000000000000000e+03
3.353000000000000000e+03
-2.652000000000000000e+03
7.012000000000000000e+03
1.194600000000000000e+04
1.746000000000000000e+03
-8.009000000000000000e+03
-4.925000000000000000e+03
6.140000000000000000e+02
-4.800000000000000000e+01
1.307400000000000000e+04
2.335400000000000000e+04
1.792600000000000000e+04
-2.174000000000000000e+03
-6.722000000000000000e+03
8.060000000000000000e+02
2.780000000000000000e+03
-7.090000000000000000e+02
-9.680000000000000000e+03
2.882000000000000000e+03
3.404000000000000000e+03
-5.871000000000000000e+03
1.771000000000000000e+03
4.613000000000000000e+03
5.990000000000000000e+02
-3.800000000000000000e+03
2.438000000000000000e+03
1.666300000000000000e+04
2.564400000000000000e+04
6.981000000000000000e+03
1.489000000000000000e+03
4.812000000000000000e+03
-5.295000000000000000e+03
2.907000000000000000e+03
1.024000000000000000e+03
3.667000000000000000e+03
6.213000000000000000e+03
-4.953000000000000000e+03
-9.114000000000000000e+03
1.158000000000000000e+03
7.189000000000000000e+03
-1.501800000000000000e+04
-2.146700000000000000e+04
-8.484000000000000000e+03
-3.590000000000000000e+02
-4.649000000000000000e+03
-3.651000000000000000e+03
-1.227200000000000000e+04
-2.657600000000000000e+04
-1.109700000000000000e+04
-6.956000000000000000e+03
-1.194700000000000000e+04
-1.415400000000000000e+04
-2.860000000000000000e+02
-6.860000000000000000e+02
-8.283000000000000000e+03
-8.360000000000000000e+02
-1.197700000000000000e+04
-4.511000000000000000e+03
-1.501000000000000000e+03
-2.131000000000000000e+03
4.915000000000000000e+03
5.335000000000000000e+03
-5.720000000000000000e+02
-5.499000000000000000e+03
-2.092000000000000000e+03
-1.429300000000000000e+04
-9.296000000000000000e+03
1.413700000000000000e+04
1.919200000000000000e+04
-1.279000000000000000e+03
-7.651000000000000000e+03
9.483000000000000000e+03
1.918000000000000000e+04
1.449100000000000000e+04
1.610000000000000000e+02
7.567000000000000000e+03
2.315100000000000000e+04
2.198000000000000000e+04
1.679900000000000000e+04
1.834900000000000000e+04
1.908100000000000000e+04
9.210000000000000000e+02
-1.981700000000000000e+04
-3.896000000000000000e+03
2.841000000000000000e+04
1.228700000000000000e+04
-1.775900000000000000e+04
5.218000000000000000e+03
9.733000000000000000e+03
-1.452600000000000000e+04
8.154000000000000000e+03
1.175300000000000000e+04
-1.464700000000000000e+04
6.760000000000000000e+02
9.362000000000000000e+03
-4.020000000000000000e+03
8.386000000000000000e+03
1.956400000000000000e+04
-1.696600000000000000e+04
-1.078100000000000000e+04
2.179400000000000000e+04
-9.810000000000000000e+02
8.826000000000000000e+03
5.459000000000000000e+03
-1.908400000000000000e+04
-1.440500000000000000e+04
7.493000000000000000e+03
3.891000000000000000e+03
-2.693900000000000000e+04
-7.279000000000000000e+03
-5.219000000000000000e+03
-1.632900000000000000e+04
-1.801000000000000000e+04
-1.097600000000000000e+04
4.751000000000000000e+03
-1.457500000000000000e+04
-1.938100000000000000e+04
-1.826900000000000000e+04
-5.532000000000000000e+03
1.160000000000000000e+03
-9.460000000000000000e+03
-1.735000000000000000e+03
7.189000000000000000e+03
6.674000000000000000e+03
-2.873000000000000000e+03
5.256000000000000000e+03
8.485000000000000000e+03
-3.580000000000000000e+02
-6.784000000000000000e+03
8.125000000000000000e+03
1.350700000000000000e+04
-3.217000000000000000e+03
-6.636000000000000000e+03
-1.327000000000000000e+03
8.066000000000000000e+03
-4.108000000000000000e+03
-4.290000000000000000e+02
1.792800000000000000e+04
1.908800000000000000e+04
5.256000000000000000e+03
-1.051500000000000000e+04
-8.990000000000000000e+02
9.171000000000000000e+03
8.013000000000000000e+03
8.767000000000000000e+03
6.749000000000000000e+03
1.430000000000000000e+03
2.074000000000000000e+03
6.465000000000000000e+03
1.812000000000000000e+03
-7.370000000000000000e+02
4.305000000000000000e+03
4.889000000000000000e+03
7.828000000000000000e+03
1.164500000000000000e+04
1.288400000000000000e+04
4.971000000000000000e+03
-1.902000000000000000e+03
-6.767000000000000000e+03
-9.766000000000000000e+03
3.365000000000000000e+03
5.040000000000000000e+03
-4.652000000000000000e+03
-1.168500000000000000e+04
-1.044200000000000000e+04
-1.709000000000000000e+03
-9.745000000000000000e+03
-1.345600000000000000e+04
-3.540000000000000000e+03
-8.445000000000000000e+03
-1.717100000000000000e+04
-7.092000000000000000e+03
1.605400000000000000e+04
1.279000000000000000e+04
-1.276500000000000000e+04
-9.223000000000000000e+03
6.370000000000000000e+03
-5.195000000000000000e+03
-1.593800000000000000e+04
1.710000000000000000e+02
1.778800000000000000e+04
7.255000000000000000e+03
-1.351000000000000000e+04
-1.561700000000000000e+04
2.055000000000000000e+03
1.780500000000000000e+04
-2.535000000000000000e+03
-2.223100000000000000e+04
1.509000000000000000e+03
1.688100000000000000e+04
5.220000000000000000e+02
2.931000000000000000e+03
1.553700000000000000e+04
1.339300000000000000e+04
8.905000000000000000e+03
-2.123000000000000000e+03
-2.351000000000000000e+03
2.242400000000000000e+04
1.991800000000000000e+04
-6.154000000000000000e+03
6.423000000000000000e+03
1.477700000000000000e+04
-1.535500000000000000e+04
-2.640900000000000000e+04
-6.898000000000000000e+03
-1.322000000000000000e+03
-6.435000000000000000e+03
-1.118400000000000000e+04
-1.038100000000000000e+04
2.598000000000000000e+03
4.140000000000000000e+02
-2.174200000000000000e+04
-2.690800000000000000e+04
6.600000000000000000e+01
1.670200000000000000e+04
7.609000000000000000e+03
4.242000000000000000e+03
9.371000000000000000e+03
3.116000000000000000e+03
-1.289000000000000000e+04
-1.363500000000000000e+04
3.966000000000000000e+03
1.388700000000000000e+04
7.927000000000000000e+03
-6.056000000000000000e+03
-9.260000000000000000e+03
-2.551000000000000000e+03
-2.685000000000000000e+03
-1.188700000000000000e+04
-1.528000000000000000e+03
1.885100000000000000e+04
6.232000000000000000e+03
-7.930000000000000000e+02
3.591000000000000000e+03
3.700000000000000000e+01
-1.134000000000000000e+03
5.382000000000000000e+03
1.000300000000000000e+04
5.701000000000000000e+03
6.119000000000000000e+03
1.245000000000000000e+03
-5.369000000000000000e+03
7.411000000000000000e+03
1.666200000000000000e+04
-1.452000000000000000e+03
-1.168400000000000000e+04
-6.320000000000000000e+02
-7.026000000000000000e+03
-2.021200000000000000e+04
1.303000000000000000e+03
1.085300000000000000e+04
-5.726000000000000000e+03
-1.117600000000000000e+04
2.175000000000000000e+03
1.180300000000000000e+04
3.574000000000000000e+03
-1.003000000000000000e+03
-6.318000000000000000e+03
8.445000000000000000e+03
1.436700000000000000e+04
4.385000000000000000e+03
1.466000000000000000e+03
-2.212000000000000000e+03
3.269000000000000000e+03
-3.132000000000000000e+03
-9.789000000000000000e+03
-2.961000000000000000e+03
9.266000000000000000e+03
3.625000000000000000e+03
-1.141800000000000000e+04
-6.989000000000000000e+03
-5.642000000000000000e+03
-9.819000000000000000e+03
-6.077000000000000000e+03
3.061000000000000000e+03
2.111800000000000000e+04
1.483500000000000000e+04
-1.456200000000000000e+04
-8.810000000000000000e+02
2.806200000000000000e+04
1.341400000000000000e+04
-1.066400000000000000e+04
-4.631000000000000000e+03
4.816000000000000000e+03
9.640000000000000000e+02
-8.100000000000000000e+03
-2.095000000000000000e+03
1.192100000000000000e+04
1.660000000000000000e+03
-2.191700000000000000e+04
-2.672900000000000000e+04
2.610000000000000000e+02
4.847000000000000000e+03
-5.301000000000000000e+03
-4.845000000000000000e+03
-1.494700000000000000e+04
-1.428700000000000000e+04
5.877000000000000000e+03
1.784700000000000000e+04
-5.700000000000000000e+02
-1.240400000000000000e+04
-1.179000000000000000e+04
-1.042000000000000000e+03
1.398800000000000000e+04
7.658000000000000000e+03
-3.260000000000000000e+02
6.135000000000000000e+03
4.200000000000000000e+01
-2.517100000000000000e+04
-3.036000000000000000e+03
2.503500000000000000e+04
6.181000000000000000e+03
-4.956000000000000000e+03
2.994000000000000000e+03
9.209000000000000000e+03
-2.786000000000000000e+03
-1.649200000000000000e+04
-4.465000000000000000e+03
1.393300000000000000e+04
5.577000000000000000e+03
-6.429000000000000000e+03
9.109000000000000000e+03
1.756300000000000000e+04
-1.309000000000000000e+03
-9.069000000000000000e+03
4.170000000000000000e+02
4.593000000000000000e+03
6.702000000000000000e+03
-3.060000000000000000e+02
6.076000000000000000e+03
1.736900000000000000e+04
-1.281000000000000000e+03
-9.822000000000000000e+03
3.328000000000000000e+03
1.187900000000000000e+04
2.773000000000000000e+03
-6.181000000000000000e+03
-7.560000000000000000e+02
3.758000000000000000e+03
-1.630000000000000000e+02
4.130000000000000000e+02
5.910000000000000000e+03
-2.664000000000000000e+03
-8.777000000000000000e+03
-8.789000000000000000e+03
-9.481000000000000000e+03
-1.297900000000000000e+04
-8.970000000000000000e+03
1.739000000000000000e+03
-1.091000000000000000e+03
-5.173000000000000000e+03
-9.178000000000000000e+03
-5.414000000000000000e+03
4.390000000000000000e+02
-4.719000000000000000e+03
-3.960000000000000000e+02
1.000600000000000000e+04
8.930000000000000000e+03
-4.539000000000000000e+03
-6.912000000000000000e+03
3.075000000000000000e+03
-9.120000000000000000e+02
-1.287000000000000000e+03
1.572300000000000000e+04
6.131000000000000000e+03
-1.724200000000000000e+04
-6.391000000000000000e+03
6.229000000000000000e+03
-1.210000000000000000e+02
-7.372000000000000000e+03
3.970000000000000000e+02
1.593100000000000000e+04
1.377800000000000000e+04
-4.926000000000000000e+03
-5.943000000000000000e+03
1.706600000000000000e+04
1.876300000000000000e+04
-4.936000000000000000e+03
-1.122300000000000000e+04
5.400000000000000000e+01
-1.430000000000000000e+03
1.956000000000000000e+03
1.827700000000000000e+04
1.479800000000000000e+04
-7.699000000000000000e+03
-8.992000000000000000e+03
7.815000000000000000e+03
1.503900000000000000e+04
4.174000000000000000e+03
-1.880600000000000000e+04
-1.748100000000000000e+04
2.101000000000000000e+03
1.250100000000000000e+04
1.418600000000000000e+04
1.234100000000000000e+04
-7.551000000000000000e+03
-2.657800000000000000e+04
-2.231900000000000000e+04
4.335000000000000000e+03
2.797900000000000000e+04
7.107000000000000000e+03
-1.585300000000000000e+04
-1.129900000000000000e+04
5.173000000000000000e+03
6.514000000000000000e+03
-2.688000000000000000e+03
-1.269400000000000000e+04
-1.287800000000000000e+04
2.010000000000000000e+03
9.636000000000000000e+03
2.135900000000000000e+04
1.421300000000000000e+04
-1.266800000000000000e+04
-2.831600000000000000e+04
-1.847300000000000000e+04
-4.960000000000000000e+03
-3.557000000000000000e+03
8.672000000000000000e+03
1.673600000000000000e+04
-3.945000000000000000e+03
-2.610900000000000000e+04
-9.699000000000000000e+03
5.664000000000000000e+03
-4.645000000000000000e+03
-1.196100000000000000e+04
-2.239000000000000000e+03
1.490700000000000000e+04
1.296200000000000000e+04
-2.203000000000000000e+03
-2.720000000000000000e+03
2.000000000000000000e+02
-1.228400000000000000e+04
-4.373000000000000000e+03
2.194500000000000000e+04
1.754900000000000000e+04
-2.143000000000000000e+03
-2.802000000000000000e+03
3.690000000000000000e+03
5.147000000000000000e+03
1.577000000000000000e+03
-4.194000000000000000e+03
9.202000000000000000e+03
2.344200000000000000e+04
9.909000000000000000e+03
-4.040000000000000000e+03
1.510000000000000000e+02
7.800000000000000000e+02
-1.883400000000000000e+04
-2.041600000000000000e+04
6.074000000000000000e+03
1.954900000000000000e+04
9.084000000000000000e+03
-1.317000000000000000e+03
3.168000000000000000e+03
3.423000000000000000e+03
-1.286600000000000000e+04
-1.855500000000000000e+04
4.343000000000000000e+03
9.024000000000000000e+03
-2.277000000000000000e+03
8.041000000000000000e+03
1.280700000000000000e+04
-2.874000000000000000e+03
-1.267500000000000000e+04
-5.965000000000000000e+03
-1.950000000000000000e+03
4.254000000000000000e+03
1.092500000000000000e+04
3.418000000000000000e+03
1.701000000000000000e+03
2.332000000000000000e+03
-7.902000000000000000e+03
-1.507100000000000000e+04
-1.175500000000000000e+04
-1.830000000000000000e+02
8.837000000000000000e+03
6.697000000000000000e+03
-3.430000000000000000e+02
-3.009000000000000000e+03
-6.472000000000000000e+03
-1.496700000000000000e+04
-1.254600000000000000e+04
1.313000000000000000e+03
3.651000000000000000e+03
-1.720000000000000000e+02
3.786000000000000000e+03
4.890000000000000000e+02
-6.253000000000000000e+03
-7.727000000000000000e+03
-6.232000000000000000e+03
1.037000000000000000e+03
3.004000000000000000e+03
-2.005000000000000000e+03
-2.731000000000000000e+03
1.978000000000000000e+03
7.686000000000000000e+03
1.349000000000000000e+03
-1.002700000000000000e+04
-7.186000000000000000e+03
3.523000000000000000e+03
4.060000000000000000e+03
-6.884000000000000000e+03
2.030000000000000000e+03
1.043000000000000000e+04
-4.677000000000000000e+03
-9.057000000000000000e+03
2.755000000000000000e+03
1.661900000000000000e+04
1.099300000000000000e+04
-1.752000000000000000e+03
5.590000000000000000e+02
6.352000000000000000e+03
9.225000000000000000e+03
8.396000000000000000e+03
5.143000000000000000e+03
2.069000000000000000e+03
-9.010000000000000000e+02
-8.150000000000000000e+02
9.201000000000000000e+03
1.294900000000000000e+04
1.985000000000000000e+03
-3.718000000000000000e+03
-3.446000000000000000e+03
-2.280000000000000000e+03
-6.984000000000000000e+03
-5.065000000000000000e+03
9.186000000000000000e+03
6.188000000000000000e+03
-4.150000000000000000e+03
-8.700000000000000000e+01
1.160000000000000000e+04
9.271000000000000000e+03
-3.360000000000000000e+03
-6.603000000000000000e+03
-8.463000000000000000e+03
-4.798000000000000000e+03
-1.595000000000000000e+03
1.594000000000000000e+03
3.969000000000000000e+03
-7.943000000000000000e+03
-1.817300000000000000e+04
-7.352000000000000000e+03
7.889000000000000000e+03
-7.619000000000000000e+03
-1.227500000000000000e+04
3.300000000000000000e+03
-4.331000000000000000e+03
-7.913000000000000000e+03
5.632000000000000000e+03
7.479000000000000000e+03
-8.785000000000000000e+03
-1.279600000000000000e+04
-2.721000000000000000e+03
2.556000000000000000e+03
6.765000000000000000e+03
-4.010000000000000000e+02
-1.032800000000000000e+04
-4.721000000000000000e+03
-1.330000000000000000e+02
-1.288000000000000000e+03
3.236000000000000000e+03
2.017000000000000000e+03
-7.020000000000000000e+03
-7.413000000000000000e+03
1.507000000000000000e+03
1.022500000000000000e+04
7.673000000000000000e+03
6.770000000000000000e+02
-4.004000000000000000e+03
-5.941000000000000000e+03
3.985000000000000000e+03
1.137600000000000000e+04
9.555000000000000000e+03
6.803000000000000000e+03
3.427000000000000000e+03
5.090000000000000000e+03
8.580000000000000000e+03
9.573000000000000000e+03
2.765000000000000000e+03
-2.263000000000000000e+03
6.169000000000000000e+03
4.053000000000000000e+03
2.603000000000000000e+03
7.280000000000000000e+03
1.630000000000000000e+03
-1.965000000000000000e+03
-7.176000000000000000e+03
-2.871000000000000000e+03
6.233000000000000000e+03
6.341000000000000000e+03
4.673000000000000000e+03
-1.360000000000000000e+03
-5.479000000000000000e+03
-9.237000000000000000e+03
-6.316000000000000000e+03
-2.065000000000000000e+03
-4.740000000000000000e+02
7.046000000000000000e+03
6.830000000000000000e+03
1.245000000000000000e+03
-1.322000000000000000e+03
-5.792000000000000000e+03
-1.086000000000000000e+04
-6.686000000000000000e+03
-1.778000000000000000e+03
-5.297000000000000000e+03
-1.252500000000000000e+04
-1.010100000000000000e+04
3.328000000000000000e+03
5.930000000000000000e+02
-6.567000000000000000e+03
-6.633000000000000000e+03
-5.380000000000000000e+02
8.306000000000000000e+03
2.514000000000000000e+03
1.587000000000000000e+03
3.149000000000000000e+03
-9.720000000000000000e+02
-5.501000000000000000e+03
-6.353000000000000000e+03
5.280000000000000000e+03
7.795000000000000000e+03
3.066000000000000000e+03
-4.449000000000000000e+03
-1.243000000000000000e+04
-2.795000000000000000e+03
4.070000000000000000e+03
-5.590000000000000000e+02
1.031000000000000000e+03
4.334000000000000000e+03
6.568000000000000000e+03
6.861000000000000000e+03
2.266000000000000000e+03
1.027000000000000000e+03
4.608000000000000000e+03
4.897000000000000000e+03
6.070000000000000000e+02
4.889000000000000000e+03
1.127700000000000000e+04
2.292000000000000000e+03
-8.235000000000000000e+03
-1.074800000000000000e+04
-8.376000000000000000e+03
3.216000000000000000e+03
5.136000000000000000e+03
-3.003000000000000000e+03
2.226000000000000000e+03
2.085000000000000000e+03
-5.049000000000000000e+03
-3.702000000000000000e+03
-1.395000000000000000e+03
-8.350000000000000000e+02
-3.986000000000000000e+03
-5.660000000000000000e+02
5.172000000000000000e+03
2.899000000000000000e+03
-4.316000000000000000e+03
-8.528000000000000000e+03
-3.598000000000000000e+03
-2.602000000000000000e+03
-1.098000000000000000e+03
5.207000000000000000e+03
4.677000000000000000e+03
-2.780000000000000000e+03
-4.476000000000000000e+03
-1.440000000000000000e+02
3.471000000000000000e+03
4.691000000000000000e+03
-9.200000000000000000e+02
-2.163000000000000000e+03
-2.545000000000000000e+03
-1.168000000000000000e+03
4.674000000000000000e+03
3.996000000000000000e+03
3.071000000000000000e+03
-1.272000000000000000e+03
-3.823000000000000000e+03
1.909000000000000000e+03
4.737000000000000000e+03
5.885000000000000000e+03
7.731000000000000000e+03
4.861000000000000000e+03
1.365000000000000000e+03
3.869000000000000000e+03
7.236000000000000000e+03
4.345000000000000000e+03
1.212000000000000000e+03
1.716000000000000000e+03
-7.250000000000000000e+02
-2.754000000000000000e+03
-2.552000000000000000e+03
-3.225000000000000000e+03
-1.583000000000000000e+03
-3.458000000000000000e+03
-1.389000000000000000e+03
6.728000000000000000e+03
5.674000000000000000e+03
2.839000000000000000e+03
-2.757000000000000000e+03
-6.709000000000000000e+03
-6.564000000000000000e+03
-7.443000000000000000e+03
1.300000000000000000e+02
5.506000000000000000e+03
-3.580000000000000000e+02
-8.516000000000000000e+03
-9.025000000000000000e+03
-1.024700000000000000e+04
-1.842500000000000000e+04
-1.611900000000000000e+04
-3.030000000000000000e+02
4.819000000000000000e+03
-3.164000000000000000e+03
-3.802000000000000000e+03
1.943000000000000000e+03
3.985000000000000000e+03
-1.682000000000000000e+03
-1.994000000000000000e+03
2.997000000000000000e+03
9.140000000000000000e+02
-1.742000000000000000e+03
-1.438000000000000000e+03
3.027000000000000000e+03
4.960000000000000000e+02
-9.466000000000000000e+03
-3.617000000000000000e+03
6.966000000000000000e+03
4.694000000000000000e+03
-6.060000000000000000e+02
2.545000000000000000e+03
9.082000000000000000e+03
4.574000000000000000e+03
1.912000000000000000e+03
5.505000000000000000e+03
6.986000000000000000e+03
4.499000000000000000e+03
-9.820000000000000000e+02
3.311000000000000000e+03
1.081600000000000000e+04
1.078700000000000000e+04
4.530000000000000000e+03
1.974000000000000000e+03
2.309000000000000000e+03
-1.601000000000000000e+03
-1.158000000000000000e+03
3.748000000000000000e+03
4.849000000000000000e+03
1.273000000000000000e+03
2.290000000000000000e+03
4.265000000000000000e+03
2.803000000000000000e+03
-1.626000000000000000e+03
-8.715000000000000000e+03
-3.609000000000000000e+03
2.545000000000000000e+03
-1.194000000000000000e+03
-3.360000000000000000e+03
-5.496000000000000000e+03
-7.026000000000000000e+03
-7.189000000000000000e+03
-5.557000000000000000e+03
-6.030000000000000000e+02
1.766000000000000000e+03
2.496000000000000000e+03
1.097000000000000000e+03
-1.069000000000000000e+03
-9.550000000000000000e+02
-4.283000000000000000e+03
-5.884000000000000000e+03
-3.981000000000000000e+03
-4.532000000000000000e+03
-4.613000000000000000e+03
-1.068000000000000000e+03
-3.777000000000000000e+03
-6.354000000000000000e+03
-1.052000000000000000e+03
5.230000000000000000e+02
-3.306000000000000000e+03
-3.906000000000000000e+03
3.133000000000000000e+03
6.519000000000000000e+03
5.515000000000000000e+03
6.115000000000000000e+03
3.538000000000000000e+03
-1.110000000000000000e+02
-1.630000000000000000e+03
-2.908000000000000000e+03
-2.825000000000000000e+03
-5.360000000000000000e+02
-2.136000000000000000e+03
-1.809000000000000000e+03
3.793000000000000000e+03
7.016000000000000000e+03
1.669000000000000000e+03
-2.327000000000000000e+03
3.066000000000000000e+03
1.562000000000000000e+03
-3.148000000000000000e+03
-7.700000000000000000e+01
5.218000000000000000e+03
3.269000000000000000e+03
-4.027000000000000000e+03
-4.190000000000000000e+03
-5.430000000000000000e+02
-1.029000000000000000e+03
-3.253000000000000000e+03
-1.622000000000000000e+03
1.010000000000000000e+03
2.812000000000000000e+03
1.950000000000000000e+03
1.526000000000000000e+03
5.118000000000000000e+03
8.740000000000000000e+02
-1.440000000000000000e+02
5.580000000000000000e+03
6.726000000000000000e+03
4.962000000000000000e+03
-9.700000000000000000e+02
-3.247000000000000000e+03
-4.618000000000000000e+03
-6.608000000000000000e+03
-3.883000000000000000e+03
1.541000000000000000e+03
3.517000000000000000e+03
-2.650000000000000000e+03
-5.600000000000000000e+03
-6.640000000000000000e+02
5.111000000000000000e+03
3.795000000000000000e+03
2.780000000000000000e+02
1.858000000000000000e+03
3.196000000000000000e+03
8.370000000000000000e+02
-2.170000000000000000e+02
3.367000000000000000e+03
2.800000000000000000e+03
-4.097000000000000000e+03
-6.294000000000000000e+03
-7.720000000000000000e+02
3.975000000000000000e+03
4.406000000000000000e+03
1.372000000000000000e+03
-2.279000000000000000e+03
-1.231000000000000000e+03
7.520000000000000000e+02
1.425000000000000000e+03
3.405000000000000000e+03
2.760000000000000000e+02
-4.465000000000000000e+03
-5.079000000000000000e+03
-4.367000000000000000e+03
-3.867000000000000000e+03
-4.941000000000000000e+03
-4.803000000000000000e+03
-5.771000000000000000e+03
-4.354000000000000000e+03
-1.197000000000000000e+03
3.070000000000000000e+03
7.111000000000000000e+03
3.969000000000000000e+03
1.780000000000000000e+02
3.367000000000000000e+03
6.519000000000000000e+03
-2.052000000000000000e+03
-5.791000000000000000e+03
-2.931000000000000000e+03
-3.628000000000000000e+03
-1.385000000000000000e+03
-5.940000000000000000e+02
-1.370000000000000000e+03
1.497000000000000000e+03
2.323000000000000000e+03
-5.813000000000000000e+03
-5.307000000000000000e+03
6.084000000000000000e+03
5.011000000000000000e+03
-1.972000000000000000e+03
1.603000000000000000e+03
5.173000000000000000e+03
4.376000000000000000e+03
1.137000000000000000e+03
-3.650000000000000000e+02
3.950000000000000000e+02
-1.700000000000000000e+01
1.090000000000000000e+02
-1.492000000000000000e+03
9.440000000000000000e+02
-1.998000000000000000e+03
-4.694000000000000000e+03
9.960000000000000000e+02
9.560000000000000000e+02
7.320000000000000000e+02
1.912000000000000000e+03
3.350000000000000000e+03
2.235000000000000000e+03
1.996000000000000000e+03
2.901000000000000000e+03
2.990000000000000000e+03
5.875000000000000000e+03
5.706000000000000000e+03
4.701000000000000000e+03
1.566000000000000000e+03
-2.496000000000000000e+03
-5.090000000000000000e+03
-4.763000000000000000e+03
-1.065000000000000000e+03
4.140000000000000000e+02
-5.273000000000000000e+03
-5.585000000000000000e+03
-2.703000000000000000e+03
-6.592000000000000000e+03
-3.821000000000000000e+03
9.780000000000000000e+02
7.850000000000000000e+02
-2.379000000000000000e+03
-5.214000000000000000e+03
-3.358000000000000000e+03
-7.960000000000000000e+02
-3.582000000000000000e+03
-6.381000000000000000e+03
-3.014000000000000000e+03
-1.426000000000000000e+03
2.815000000000000000e+03
7.491000000000000000e+03
7.119000000000000000e+03
8.813000000000000000e+03
1.129600000000000000e+04
1.078700000000000000e+04
3.893000000000000000e+03
2.940000000000000000e+02
2.480000000000000000e+02
-8.520000000000000000e+02
-2.199000000000000000e+03
-7.200000000000000000e+03
-3.414000000000000000e+03
-1.952000000000000000e+03
-7.235000000000000000e+03
-8.521000000000000000e+03
-5.190000000000000000e+03
5.720000000000000000e+02
3.061000000000000000e+03
3.542000000000000000e+03
-3.848000000000000000e+03
-3.040000000000000000e+03
4.835000000000000000e+03
4.788000000000000000e+03
4.510000000000000000e+02
-3.051000000000000000e+03
1.951000000000000000e+03
5.152000000000000000e+03
5.181000000000000000e+03
3.740000000000000000e+03
4.025000000000000000e+03
3.472000000000000000e+03
-2.513000000000000000e+03
-2.841000000000000000e+03
1.145000000000000000e+03
2.380000000000000000e+03
-1.711000000000000000e+03
-5.889000000000000000e+03
-3.692000000000000000e+03
5.000000000000000000e+01
-7.540000000000000000e+02
-2.407000000000000000e+03
-3.602000000000000000e+03
-2.938000000000000000e+03
4.030000000000000000e+02
8.240000000000000000e+02
2.000000000000000000e+01
-1.791000000000000000e+03
-3.364000000000000000e+03
-1.767000000000000000e+03
2.219000000000000000e+03
3.218000000000000000e+03
-2.616000000000000000e+03
-1.212000000000000000e+03
6.354000000000000000e+03
3.400000000000000000e+03
8.620000000000000000e+02
3.136000000000000000e+03
1.628000000000000000e+03
5.320000000000000000e+02
1.568000000000000000e+03
5.622000000000000000e+03
2.755000000000000000e+03
-4.540000000000000000e+03
-5.484000000000000000e+03
-6.977000000000000000e+03
-4.623000000000000000e+03
-2.543000000000000000e+03
-3.060000000000000000e+03
-3.230000000000000000e+03
-2.916000000000000000e+03
8.230000000000000000e+02
3.570000000000000000e+03
3.325000000000000000e+03
1.400000000000000000e+01
-7.010000000000000000e+02
8.790000000000000000e+02
2.052000000000000000e+03
3.464000000000000000e+03
3.669000000000000000e+03
-4.700000000000000000e+02
-1.397000000000000000e+03
4.295000000000000000e+03
7.273000000000000000e+03
8.451000000000000000e+03
3.257000000000000000e+03
-6.110000000000000000e+02
7.700000000000000000e+01
4.810000000000000000e+02
-3.910000000000000000e+02
-2.431000000000000000e+03
-4.553000000000000000e+03
-8.649000000000000000e+03
-8.165000000000000000e+03
-5.839000000000000000e+03
-1.754000000000000000e+03
-3.630000000000000000e+02
-4.285000000000000000e+03
-4.833000000000000000e+03
-2.404000000000000000e+03
-8.800000000000000000e+01
-5.250000000000000000e+02
-1.051000000000000000e+03
2.540000000000000000e+03
3.566000000000000000e+03
3.166000000000000000e+03
5.694000000000000000e+03
9.436000000000000000e+03
6.847000000000000000e+03
1.033000000000000000e+03
2.250000000000000000e+03
6.098000000000000000e+03
5.404000000000000000e+03
1.625000000000000000e+03
1.890000000000000000e+02
-2.594000000000000000e+03
-6.686000000000000000e+03
-8.662000000000000000e+03
-7.277000000000000000e+03
-3.459000000000000000e+03
-1.316000000000000000e+03
-8.580000000000000000e+02
-4.225000000000000000e+03
-7.330000000000000000e+02
2.700000000000000000e+03
-5.859000000000000000e+03
-5.788000000000000000e+03
1.747000000000000000e+03
4.127000000000000000e+03
5.399000000000000000e+03
6.390000000000000000e+03
5.742000000000000000e+03
7.971000000000000000e+03
9.577000000000000000e+03
3.436000000000000000e+03
3.569000000000000000e+03
8.939000000000000000e+03
4.162000000000000000e+03
-8.560000000000000000e+02
1.794000000000000000e+03
-2.607000000000000000e+03
-1.024100000000000000e+04
-1.079500000000000000e+04
-1.143400000000000000e+04
-7.710000000000000000e+03
-3.023000000000000000e+03
-4.794000000000000000e+03
-7.324000000000000000e+03
-4.658000000000000000e+03
-1.294000000000000000e+03
-4.350000000000000000e+03
-6.645000000000000000e+03
-4.213000000000000000e+03
-2.740000000000000000e+02
7.410000000000000000e+02
3.546000000000000000e+03
8.578000000000000000e+03
7.470000000000000000e+03
3.412000000000000000e+03
5.362000000000000000e+03
6.974000000000000000e+03
6.227000000000000000e+03
6.815000000000000000e+03
4.230000000000000000e+02
-3.264000000000000000e+03
-3.247000000000000000e+03
-1.409000000000000000e+03
-1.843000000000000000e+03
-4.871000000000000000e+03
-4.358000000000000000e+03
-5.461000000000000000e+03
6.960000000000000000e+02
1.969000000000000000e+03
-1.881000000000000000e+03
-2.061000000000000000e+03
-3.693000000000000000e+03
-3.812000000000000000e+03
-2.717000000000000000e+03
4.281000000000000000e+03
5.045000000000000000e+03
2.097000000000000000e+03
5.031000000000000000e+03
9.680000000000000000e+03
1.013700000000000000e+04
8.394000000000000000e+03
1.180800000000000000e+04
5.825000000000000000e+03
6.360000000000000000e+02
2.474000000000000000e+03
1.855000000000000000e+03
-2.600000000000000000e+01
-5.433000000000000000e+03
-8.666000000000000000e+03
-7.527000000000000000e+03
-5.191000000000000000e+03
-5.924000000000000000e+03
-5.311000000000000000e+03
-3.214000000000000000e+03
-4.859000000000000000e+03
-4.107000000000000000e+03
-3.309000000000000000e+03
-3.675000000000000000e+03
-1.480000000000000000e+02
2.760000000000000000e+02
-2.216000000000000000e+03
1.166000000000000000e+03
4.330000000000000000e+03
2.149000000000000000e+03
4.339000000000000000e+03
6.264000000000000000e+03
8.493000000000000000e+03
8.208000000000000000e+03
3.048000000000000000e+03
3.294000000000000000e+03
4.644000000000000000e+03
1.582000000000000000e+03
-5.254000000000000000e+03
-7.042000000000000000e+03
-4.997000000000000000e+03
-5.783000000000000000e+03
-7.311000000000000000e+03
-1.149800000000000000e+04
-1.036300000000000000e+04
-3.810000000000000000e+03
-2.930000000000000000e+03
-6.570000000000000000e+03
-7.545000000000000000e+03
-1.637000000000000000e+03
-6.620000000000000000e+02
-3.560000000000000000e+03
-1.235000000000000000e+03
4.460000000000000000e+03
9.476000000000000000e+03
8.817000000000000000e+03
7.383000000000000000e+03
8.247000000000000000e+03
9.577000000000000000e+03
4.504000000000000000e+03
2.796000000000000000e+03
3.086000000000000000e+03
-4.210000000000000000e+02
-3.810000000000000000e+03
-3.753000000000000000e+03
1.128000000000000000e+03
-3.560000000000000000e+02
-1.443000000000000000e+03
-5.300000000000000000e+02
-2.262000000000000000e+03
-4.539000000000000000e+03
-5.638000000000000000e+03
-2.998000000000000000e+03
1.656000000000000000e+03
2.661000000000000000e+03
1.185000000000000000e+03
2.493000000000000000e+03
5.737000000000000000e+03
8.365000000000000000e+03
6.840000000000000000e+03
8.379000000000000000e+03
1.156500000000000000e+04
1.069000000000000000e+04
8.187000000000000000e+03
3.610000000000000000e+03
3.220000000000000000e+02
-5.340000000000000000e+03
-6.377000000000000000e+03
-6.200000000000000000e+01
-1.600000000000000000e+02
-8.449000000000000000e+03
-9.199000000000000000e+03
-4.853000000000000000e+03
-9.871000000000000000e+03
-1.258800000000000000e+04
-9.128000000000000000e+03
-5.437000000000000000e+03
-6.528000000000000000e+03
-7.746000000000000000e+03
-3.160000000000000000e+03
4.326000000000000000e+03
6.549000000000000000e+03
1.162000000000000000e+03
2.085000000000000000e+03
5.476000000000000000e+03
4.594000000000000000e+03
7.096000000000000000e+03
8.675000000000000000e+03
4.823000000000000000e+03
-1.205000000000000000e+03
-5.715000000000000000e+03
-3.972000000000000000e+03
-2.677000000000000000e+03
-4.121000000000000000e+03
-4.460000000000000000e+03
-3.368000000000000000e+03
-5.410000000000000000e+03
-1.092300000000000000e+04
-7.583000000000000000e+03
-2.778000000000000000e+03
-5.176000000000000000e+03
-3.695000000000000000e+03
3.450000000000000000e+03
5.461000000000000000e+03
1.732000000000000000e+03
1.595000000000000000e+03
2.768000000000000000e+03
4.620000000000000000e+03
6.904000000000000000e+03
5.948000000000000000e+03
5.661000000000000000e+03
1.308600000000000000e+04
1.369700000000000000e+04
6.819000000000000000e+03
7.746000000000000000e+03
3.615000000000000000e+03
-1.865000000000000000e+03
-2.691000000000000000e+03
3.488000000000000000e+03
5.535000000000000000e+03
-2.082000000000000000e+03
-4.246000000000000000e+03
-6.317000000000000000e+03
-7.006000000000000000e+03
-8.856000000000000000e+03
-7.522000000000000000e+03
-5.216000000000000000e+03
-7.366000000000000000e+03
-6.540000000000000000e+03
-6.390000000000000000e+03
1.704000000000000000e+03
4.250000000000000000e+03
2.268000000000000000e+03
4.933000000000000000e+03
6.801000000000000000e+03
1.116200000000000000e+04
7.183000000000000000e+03
5.854000000000000000e+03
4.010000000000000000e+03
-1.473000000000000000e+03
-4.109000000000000000e+03
-1.116000000000000000e+03
3.231000000000000000e+03
-1.356000000000000000e+03
-3.793000000000000000e+03
-3.353000000000000000e+03
-5.133000000000000000e+03
-7.698000000000000000e+03
-6.535000000000000000e+03
-7.579000000000000000e+03
-7.516000000000000000e+03
-1.168000000000000000e+03
-7.720000000000000000e+02
-1.105000000000000000e+03
6.830000000000000000e+02
3.200000000000000000e+01
-1.257000000000000000e+03
4.346000000000000000e+03
9.827000000000000000e+03
3.753000000000000000e+03
2.984000000000000000e+03
7.760000000000000000e+03
5.986000000000000000e+03
1.974000000000000000e+03
1.104000000000000000e+03
1.457000000000000000e+03
-7.210000000000000000e+02
-5.337000000000000000e+03
-4.503000000000000000e+03
1.151000000000000000e+03
-1.340000000000000000e+02
-5.298000000000000000e+03
-9.849000000000000000e+03
-3.835000000000000000e+03
-3.080000000000000000e+02
-4.930000000000000000e+03
-5.602000000000000000e+03
-3.665000000000000000e+03
-8.600000000000000000e+02
-1.168000000000000000e+03
3.612000000000000000e+03
5.390000000000000000e+03
2.171000000000000000e+03
5.874000000000000000e+03
7.917000000000000000e+03
8.444000000000000000e+03
8.933000000000000000e+03
5.930000000000000000e+03
1.676000000000000000e+03
-8.880000000000000000e+02
-1.083000000000000000e+03
-2.773000000000000000e+03
-4.803000000000000000e+03
-2.286000000000000000e+03
-7.780000000000000000e+02
-3.756000000000000000e+03
-4.301000000000000000e+03
-5.712000000000000000e+03
-5.972000000000000000e+03
-4.139000000000000000e+03
-2.489000000000000000e+03
-5.380000000000000000e+02
-3.231000000000000000e+03
-3.499000000000000000e+03
1.004000000000000000e+03
4.454000000000000000e+03
5.452000000000000000e+03
5.390000000000000000e+03
6.169000000000000000e+03
4.300000000000000000e+03
3.269000000000000000e+03
4.195000000000000000e+03
5.357000000000000000e+03
5.821000000000000000e+03
2.210000000000000000e+03
4.390000000000000000e+02
-1.460000000000000000e+02
2.149000000000000000e+03
2.815000000000000000e+03
-1.630000000000000000e+02
-5.144000000000000000e+03
-9.489000000000000000e+03
-4.112000000000000000e+03
-9.000000000000000000e+02
-4.499000000000000000e+03
-6.294000000000000000e+03
-2.330000000000000000e+03
-7.050000000000000000e+02
-6.553000000000000000e+03
-5.349000000000000000e+03
3.004000000000000000e+03
4.459000000000000000e+03
2.007000000000000000e+03
2.066000000000000000e+03
3.415000000000000000e+03
8.529000000000000000e+03
6.246000000000000000e+03
-1.266000000000000000e+03
8.090000000000000000e+02
3.938000000000000000e+03
-1.390000000000000000e+02
-6.340000000000000000e+03
-1.534000000000000000e+03
2.259000000000000000e+03
-3.500000000000000000e+03
-6.392000000000000000e+03
-5.589000000000000000e+03
-3.930000000000000000e+02
-1.249000000000000000e+03
-6.358000000000000000e+03
-2.544000000000000000e+03
-1.551000000000000000e+03
-2.201000000000000000e+03
-3.364000000000000000e+03
-2.930000000000000000e+03
1.467000000000000000e+03
-1.309000000000000000e+03
-1.040000000000000000e+03
4.151000000000000000e+03
7.569000000000000000e+03
6.935000000000000000e+03
6.203000000000000000e+03
5.234000000000000000e+03
4.866000000000000000e+03
4.322000000000000000e+03
1.831000000000000000e+03
-6.860000000000000000e+02
-8.160000000000000000e+02
-1.600000000000000000e+01
-1.545000000000000000e+03
1.125000000000000000e+03
2.530000000000000000e+02
-2.970000000000000000e+03
-7.157000000000000000e+03
-9.063000000000000000e+03
-2.292000000000000000e+03
1.098000000000000000e+03
-2.539000000000000000e+03
-3.194000000000000000e+03
-1.580000000000000000e+03
1.747000000000000000e+03
3.872000000000000000e+03
-5.920000000000000000e+02
1.247000000000000000e+03
4.118000000000000000e+03
2.837000000000000000e+03
3.578000000000000000e+03
1.035900000000000000e+04
8.659000000000000000e+03
1.501000000000000000e+03
6.240000000000000000e+02
-9.500000000000000000e+01
9.810000000000000000e+02
-1.221000000000000000e+03
-2.781000000000000000e+03
-7.753000000000000000e+03
-5.904000000000000000e+03
-4.376000000000000000e+03
-7.097000000000000000e+03
-3.213000000000000000e+03
-5.040000000000000000e+03
-5.284000000000000000e+03
-2.009000000000000000e+03
3.248000000000000000e+03
1.075000000000000000e+03
4.940000000000000000e+02
1.760000000000000000e+03
-1.860000000000000000e+03
1.459000000000000000e+03
7.560000000000000000e+02
3.734000000000000000e+03
7.084000000000000000e+03
7.673000000000000000e+03
9.231000000000000000e+03
7.414000000000000000e+03
8.129000000000000000e+03
3.711000000000000000e+03
-8.220000000000000000e+02
-5.623000000000000000e+03
-6.469000000000000000e+03
-1.636000000000000000e+03
-5.848000000000000000e+03
-6.018000000000000000e+03
-1.502000000000000000e+03
-2.090000000000000000e+03
-5.603000000000000000e+03
-8.214000000000000000e+03
-6.060000000000000000e+03
-2.541000000000000000e+03
-1.778000000000000000e+03
-3.298000000000000000e+03
-9.070000000000000000e+02
4.160000000000000000e+03
2.051000000000000000e+03
-4.584000000000000000e+03
-6.410000000000000000e+02
5.712000000000000000e+03
4.273000000000000000e+03
5.561000000000000000e+03
9.400000000000000000e+03
1.168900000000000000e+04
9.102000000000000000e+03
4.244000000000000000e+03
2.491000000000000000e+03
2.480000000000000000e+02
-2.984000000000000000e+03
-4.973000000000000000e+03
-6.307000000000000000e+03
-6.655000000000000000e+03
-3.669000000000000000e+03
-4.295000000000000000e+03
-7.130000000000000000e+03
-5.523000000000000000e+03
-3.659000000000000000e+03
-2.001000000000000000e+03
-2.300000000000000000e+03
-9.500000000000000000e+01
2.549000000000000000e+03
1.135000000000000000e+03
-5.760000000000000000e+02
2.210000000000000000e+02
2.348000000000000000e+03
1.617000000000000000e+03
3.871000000000000000e+03
4.379000000000000000e+03
6.569000000000000000e+03
1.256500000000000000e+04
1.192600000000000000e+04
7.340000000000000000e+03
5.044000000000000000e+03
2.073000000000000000e+03
-3.333000000000000000e+03
-2.287000000000000000e+03
-4.034000000000000000e+03
-6.051000000000000000e+03
-4.260000000000000000e+03
-4.197000000000000000e+03
-4.940000000000000000e+03
-7.533000000000000000e+03
-5.326000000000000000e+03
-5.201000000000000000e+03
-3.901000000000000000e+03
8.120000000000000000e+02
7.450000000000000000e+02
7.640000000000000000e+02
-1.038000000000000000e+03
-2.121000000000000000e+03
-1.656000000000000000e+03
-3.799000000000000000e+03
-1.547000000000000000e+03
3.430000000000000000e+03
5.193000000000000000e+03
5.756000000000000000e+03
9.562000000000000000e+03
8.722000000000000000e+03
1.087000000000000000e+03
-1.215000000000000000e+03
-1.166000000000000000e+03
-1.600000000000000000e+03
-3.858000000000000000e+03
-4.172000000000000000e+03
-4.136000000000000000e+03
-3.929000000000000000e+03
-4.335000000000000000e+03
-6.130000000000000000e+03
-4.007000000000000000e+03
-5.479000000000000000e+03
-1.122000000000000000e+03
1.403000000000000000e+03
2.729000000000000000e+03
5.799000000000000000e+03
1.494000000000000000e+03
-6.300000000000000000e+02
-2.862000000000000000e+03
8.160000000000000000e+02
3.565000000000000000e+03
6.169000000000000000e+03
1.201400000000000000e+04
1.247800000000000000e+04
1.293800000000000000e+04
7.089000000000000000e+03
1.248000000000000000e+03
6.780000000000000000e+02
-3.774000000000000000e+03
-7.421000000000000000e+03
-4.112000000000000000e+03
-8.100000000000000000e+01
-4.325000000000000000e+03
-6.829000000000000000e+03
-4.138000000000000000e+03
-4.877000000000000000e+03
-4.579000000000000000e+03
-3.593000000000000000e+03
-1.793000000000000000e+03
1.796000000000000000e+03
3.114000000000000000e+03
-1.180000000000000000e+03
-3.393000000000000000e+03
-3.440000000000000000e+02
-1.146000000000000000e+03
-4.748000000000000000e+03
-4.020000000000000000e+03
2.585000000000000000e+03
2.316000000000000000e+03
3.100000000000000000e+03
7.868000000000000000e+03
7.787000000000000000e+03
6.305000000000000000e+03
3.568000000000000000e+03
4.108000000000000000e+03
1.934000000000000000e+03
3.800000000000000000e+01
-3.804000000000000000e+03
-8.085000000000000000e+03
-6.561000000000000000e+03
-6.959000000000000000e+03
-7.258000000000000000e+03
-9.347000000000000000e+03
-5.536000000000000000e+03
-2.212000000000000000e+03
-3.566000000000000000e+03
-6.300000000000000000e+01
-1.900000000000000000e+02
-9.530000000000000000e+02
2.540000000000000000e+02
-3.630000000000000000e+02
-5.370000000000000000e+02
3.407000000000000000e+03
5.253000000000000000e+03
3.920000000000000000e+03
7.711000000000000000e+03
1.362700000000000000e+04
1.331900000000000000e+04
8.515000000000000000e+03
9.666000000000000000e+03
5.382000000000000000e+03
-1.704000000000000000e+03
-3.532000000000000000e+03
-5.647000000000000000e+03
-5.133000000000000000e+03
-3.602000000000000000e+03
-9.000000000000000000e+01
-3.777000000000000000e+03
-4.970000000000000000e+03
-1.861000000000000000e+03
-5.718000000000000000e+03
-5.347000000000000000e+03
-3.266000000000000000e+03
-2.569000000000000000e+03
-1.848000000000000000e+03
4.380000000000000000e+02
9.450000000000000000e+02
4.380000000000000000e+02
9.560000000000000000e+02
4.520000000000000000e+02
1.913000000000000000e+03
4.097000000000000000e+03
8.219000000000000000e+03
9.500000000000000000e+03
9.085000000000000000e+03
7.008000000000000000e+03
1.954000000000000000e+03
1.466000000000000000e+03
-7.840000000000000000e+02
-6.096000000000000000e+03
-8.885000000000000000e+03
-6.227000000000000000e+03
-7.378000000000000000e+03
-1.073100000000000000e+04
-3.888000000000000000e+03
-1.988000000000000000e+03
-6.449000000000000000e+03
-9.813000000000000000e+03
-4.530000000000000000e+03
2.003000000000000000e+03
7.710000000000000000e+02
1.016000000000000000e+03
-2.660000000000000000e+02
2.374000000000000000e+03
3.050000000000000000e+02
-8.990000000000000000e+02
2.613000000000000000e+03
3.889000000000000000e+03
5.974000000000000000e+03
4.710000000000000000e+02
6.202000000000000000e+03
1.542700000000000000e+04
9.935000000000000000e+03
4.598000000000000000e+03
3.861000000000000000e+03
3.452000000000000000e+03
-3.407000000000000000e+03
-9.269000000000000000e+03
-5.419000000000000000e+03
-4.384000000000000000e+03
-6.662000000000000000e+03
-8.618000000000000000e+03
-8.849000000000000000e+03
-3.610000000000000000e+03
-1.594000000000000000e+03
-4.247000000000000000e+03
-4.238000000000000000e+03
3.601000000000000000e+03
4.842000000000000000e+03
9.930000000000000000e+02
3.336000000000000000e+03
4.998000000000000000e+03
2.015000000000000000e+03
-1.458000000000000000e+03
3.521000000000000000e+03
8.215000000000000000e+03
1.130900000000000000e+04
8.698000000000000000e+03
6.257000000000000000e+03
7.919000000000000000e+03
4.707000000000000000e+03
2.711000000000000000e+03
-2.938000000000000000e+03
-3.025000000000000000e+03
-2.648000000000000000e+03
-9.155000000000000000e+03
-1.152700000000000000e+04
-1.061200000000000000e+04
-5.964000000000000000e+03
-5.390000000000000000e+03
-7.703000000000000000e+03
-2.793000000000000000e+03
2.783000000000000000e+03
2.650000000000000000e+02
-1.379000000000000000e+03
3.331000000000000000e+03
3.240000000000000000e+03
-1.844000000000000000e+03
-3.097000000000000000e+03
1.109000000000000000e+03
4.884000000000000000e+03
5.986000000000000000e+03
7.732000000000000000e+03
9.783000000000000000e+03
9.729000000000000000e+03
6.893000000000000000e+03
6.028000000000000000e+03
2.406000000000000000e+03
-2.587000000000000000e+03
-4.307000000000000000e+03
-7.304000000000000000e+03
-7.101000000000000000e+03
-5.878000000000000000e+03
-6.754000000000000000e+03
-7.056000000000000000e+03
-5.389000000000000000e+03
-5.280000000000000000e+03
-5.910000000000000000e+03
-9.990000000000000000e+02
-1.155000000000000000e+03
-4.375000000000000000e+03
-1.176000000000000000e+03
-2.499000000000000000e+03
2.580000000000000000e+02
5.324000000000000000e+03
1.095000000000000000e+03
2.267000000000000000e+03
8.381000000000000000e+03
6.008000000000000000e+03
1.398000000000000000e+03
1.033800000000000000e+04
1.107700000000000000e+04
3.393000000000000000e+03
4.927000000000000000e+03
4.377000000000000000e+03
-5.960000000000000000e+02
-7.413000000000000000e+03
-6.648000000000000000e+03
-8.833000000000000000e+03
-7.493000000000000000e+03
-4.388000000000000000e+03
-5.797000000000000000e+03
-4.562000000000000000e+03
-4.098000000000000000e+03
-2.382000000000000000e+03
-2.644000000000000000e+03
3.086000000000000000e+03
3.151000000000000000e+03
2.638000000000000000e+03
6.318000000000000000e+03
6.828000000000000000e+03
7.959000000000000000e+03
3.085000000000000000e+03
2.858000000000000000e+03
6.860000000000000000e+02
-2.798000000000000000e+03
1.425000000000000000e+03
4.817000000000000000e+03
4.299000000000000000e+03
6.068000000000000000e+03
8.147000000000000000e+03
2.584000000000000000e+03
-5.110000000000000000e+02
-2.324000000000000000e+03
-6.851000000000000000e+03
-6.108000000000000000e+03
-5.787000000000000000e+03
-8.721000000000000000e+03
-6.720000000000000000e+03
-2.168000000000000000e+03
-6.438000000000000000e+03
-8.492000000000000000e+03
-2.041000000000000000e+03
-2.107000000000000000e+03
-1.726000000000000000e+03
1.558000000000000000e+03
4.051000000000000000e+03
2.244000000000000000e+03
3.316000000000000000e+03
8.021000000000000000e+03
4.199000000000000000e+03
4.054000000000000000e+03
2.999000000000000000e+03
4.490000000000000000e+02
3.042000000000000000e+03
7.270000000000000000e+03
6.278000000000000000e+03
2.090000000000000000e+03
2.031000000000000000e+03
-2.220000000000000000e+02
-1.609000000000000000e+03
-2.615000000000000000e+03
-7.380000000000000000e+03
-1.023700000000000000e+04
-7.533000000000000000e+03
-6.730000000000000000e+03
-6.808000000000000000e+03
-5.975000000000000000e+03
-3.378000000000000000e+03
-2.910000000000000000e+03
-4.262000000000000000e+03
3.291000000000000000e+03
5.301000000000000000e+03
5.241000000000000000e+03
7.265000000000000000e+03
3.137000000000000000e+03
3.108000000000000000e+03
5.519000000000000000e+03
3.467000000000000000e+03
-1.634000000000000000e+03
-2.531000000000000000e+03
2.306000000000000000e+03
5.575000000000000000e+03
5.320000000000000000e+03
5.039000000000000000e+03
4.640000000000000000e+03
1.983000000000000000e+03
-8.080000000000000000e+02
-2.272000000000000000e+03
-3.380000000000000000e+03
-6.147000000000000000e+03
-8.669000000000000000e+03
-9.976000000000000000e+03
-7.767000000000000000e+03
-3.130000000000000000e+03
-3.234000000000000000e+03
-1.006000000000000000e+03
3.134000000000000000e+03
4.155000000000000000e+03
5.136000000000000000e+03
5.158000000000000000e+03
3.847000000000000000e+03
1.685000000000000000e+03
2.106000000000000000e+03
2.386000000000000000e+03
1.016000000000000000e+03
4.359000000000000000e+03
4.468000000000000000e+03
-1.426000000000000000e+03
-3.010000000000000000e+02
2.631000000000000000e+03
1.564000000000000000e+03
2.204000000000000000e+03
4.929000000000000000e+03
1.212000000000000000e+03
-3.805000000000000000e+03
1.243000000000000000e+03
-1.841000000000000000e+03
-8.472000000000000000e+03
-8.629000000000000000e+03
-1.154900000000000000e+04
-1.072400000000000000e+04
-6.633000000000000000e+03
-4.284000000000000000e+03
-2.608000000000000000e+03
-2.900000000000000000e+01
3.216000000000000000e+03
2.722000000000000000e+03
6.374000000000000000e+03
7.588000000000000000e+03
6.824000000000000000e+03
4.577000000000000000e+03
1.236000000000000000e+03
3.216000000000000000e+03
2.416000000000000000e+03
1.992000000000000000e+03
-3.800000000000000000e+02
1.230000000000000000e+03
5.628000000000000000e+03
4.562000000000000000e+03
3.180000000000000000e+02
-4.181000000000000000e+03
-1.808000000000000000e+03
-3.692000000000000000e+03
-6.864000000000000000e+03
-7.602000000000000000e+03
-7.521000000000000000e+03
-4.612000000000000000e+03
-5.947000000000000000e+03
-1.847000000000000000e+03
1.019000000000000000e+03
9.800000000000000000e+01
5.900000000000000000e+02
2.132000000000000000e+03
8.904000000000000000e+03
7.480000000000000000e+03
4.187000000000000000e+03
5.489000000000000000e+03
3.809000000000000000e+03
2.470000000000000000e+02
-1.913000000000000000e+03
-1.259000000000000000e+03
-2.106000000000000000e+03
-1.715000000000000000e+03
-1.354000000000000000e+03
-1.247000000000000000e+03
2.040000000000000000e+03
3.450000000000000000e+03
3.081000000000000000e+03
4.196000000000000000e+03
1.892000000000000000e+03
-1.856000000000000000e+03
-1.326000000000000000e+03
-1.087000000000000000e+03
-4.592000000000000000e+03
-6.397000000000000000e+03
-4.583000000000000000e+03
-2.537000000000000000e+03
1.844000000000000000e+03
2.758000000000000000e+03
3.670000000000000000e+02
4.310000000000000000e+03
5.513000000000000000e+03
-9.000000000000000000e+01
-5.110000000000000000e+02
2.682000000000000000e+03
-9.800000000000000000e+01
-5.612000000000000000e+03
-5.659000000000000000e+03
-5.084000000000000000e+03
-3.771000000000000000e+03
-1.186000000000000000e+03
-1.351000000000000000e+03
2.833000000000000000e+03
7.590000000000000000e+03
6.411000000000000000e+03
4.671000000000000000e+03
6.051000000000000000e+03
1.303000000000000000e+03
-5.295000000000000000e+03
-7.201000000000000000e+03
-5.506000000000000000e+03
-3.826000000000000000e+03
-7.087000000000000000e+03
-2.973000000000000000e+03
1.903000000000000000e+03
2.300000000000000000e+03
2.054000000000000000e+03
3.802000000000000000e+03
5.348000000000000000e+03
3.828000000000000000e+03
2.996000000000000000e+03
3.470000000000000000e+02
1.848000000000000000e+03
4.370000000000000000e+02
-2.088000000000000000e+03
-3.270000000000000000e+03
-2.327000000000000000e+03
8.880000000000000000e+02
-5.120000000000000000e+03
-3.430000000000000000e+03
3.418000000000000000e+03
-7.200000000000000000e+01
-3.649000000000000000e+03
2.514000000000000000e+03
5.149000000000000000e+03
-2.838000000000000000e+03
-2.715000000000000000e+03
1.085000000000000000e+03
2.064000000000000000e+03
1.940000000000000000e+03
-5.110000000000000000e+02
-8.300000000000000000e+01
5.780000000000000000e+02
7.820000000000000000e+02
-1.449000000000000000e+03
6.300000000000000000e+02
6.820000000000000000e+03
2.052000000000000000e+03
-4.796000000000000000e+03
-2.691000000000000000e+03
8.810000000000000000e+02
-3.278000000000000000e+03
-4.859000000000000000e+03
8.230000000000000000e+02
-1.776000000000000000e+03
-4.478000000000000000e+03
-2.018000000000000000e+03
8.230000000000000000e+02
3.224000000000000000e+03
-3.000000000000000000e+01
2.301000000000000000e+03
8.988000000000000000e+03
9.788000000000000000e+03
4.056000000000000000e+03
5.100000000000000000e+01
1.412000000000000000e+03
-8.000000000000000000e+01
-6.354000000000000000e+03
-6.281000000000000000e+03
-1.763000000000000000e+03
4.920000000000000000e+02
-2.550000000000000000e+02
3.850000000000000000e+02
2.102000000000000000e+03
-4.140000000000000000e+02
-5.530000000000000000e+02
-3.211000000000000000e+03
-4.808000000000000000e+03
-1.379000000000000000e+03
-9.280000000000000000e+02
-1.252000000000000000e+03
-6.780000000000000000e+02
2.431000000000000000e+03
1.472000000000000000e+03
-6.200000000000000000e+01
5.510000000000000000e+02
3.360000000000000000e+02
5.580000000000000000e+02
1.450000000000000000e+03
4.078000000000000000e+03
3.517000000000000000e+03
3.231000000000000000e+03
-1.465000000000000000e+03
-4.103000000000000000e+03
-1.337000000000000000e+03
-1.676000000000000000e+03
-3.424000000000000000e+03
-4.448000000000000000e+03
-1.724000000000000000e+03
-3.558000000000000000e+03
-1.132000000000000000e+03
8.750000000000000000e+02
-2.477000000000000000e+03
-5.170000000000000000e+02
2.528000000000000000e+03
3.482000000000000000e+03
1.310000000000000000e+02
1.051000000000000000e+03
1.619000000000000000e+03
-2.033000000000000000e+03
-1.060000000000000000e+03
-1.396000000000000000e+03
-1.401000000000000000e+03
1.566000000000000000e+03
1.570000000000000000e+02
-1.170000000000000000e+02
2.151000000000000000e+03
4.938000000000000000e+03
5.304000000000000000e+03
4.973000000000000000e+03
8.191000000000000000e+03
4.225000000000000000e+03
9.470000000000000000e+02
2.048000000000000000e+03
-3.000000000000000000e+01
-4.665000000000000000e+03
-3.746000000000000000e+03
-6.220000000000000000e+02
-4.699000000000000000e+03
-3.648000000000000000e+03
-1.565000000000000000e+03
-1.661000000000000000e+03
2.380000000000000000e+02
-8.370000000000000000e+02
-4.488000000000000000e+03
-1.915000000000000000e+03
1.066000000000000000e+03
-4.626000000000000000e+03
-4.260000000000000000e+03
-1.880000000000000000e+03
-6.470000000000000000e+02
-1.099000000000000000e+03
-1.678000000000000000e+03
-1.170000000000000000e+02
3.997000000000000000e+03
8.967000000000000000e+03
4.934000000000000000e+03
5.097000000000000000e+03
9.267000000000000000e+03
4.312000000000000000e+03
-3.809000000000000000e+03
-2.562000000000000000e+03
-2.104000000000000000e+03
-2.277000000000000000e+03
-1.122000000000000000e+03
-5.819000000000000000e+03
-5.631000000000000000e+03
-3.942000000000000000e+03
-1.836000000000000000e+03
-1.084000000000000000e+03
-9.230000000000000000e+02
1.371000000000000000e+03
3.096000000000000000e+03
1.793000000000000000e+03
2.258000000000000000e+03
2.825000000000000000e+03
-2.576000000000000000e+03
1.050000000000000000e+03
6.860000000000000000e+02
-2.973000000000000000e+03
1.608000000000000000e+03
7.440000000000000000e+02
-3.424000000000000000e+03
-4.060000000000000000e+03
-2.531000000000000000e+03
1.051000000000000000e+03
6.093000000000000000e+03
4.208000000000000000e+03
2.900000000000000000e+03
6.655000000000000000e+03
4.958000000000000000e+03
-1.451000000000000000e+03
-3.505000000000000000e+03
-2.462000000000000000e+03
-5.526000000000000000e+03
-5.607000000000000000e+03
4.000000000000000000e+01
6.413000000000000000e+03
4.417000000000000000e+03
-5.930000000000000000e+02
1.146000000000000000e+03
1.063000000000000000e+03
-1.671000000000000000e+03
-5.005000000000000000e+03
-5.512000000000000000e+03
-2.602000000000000000e+03
-2.883000000000000000e+03
-4.086000000000000000e+03
1.723000000000000000e+03
2.262000000000000000e+03
-4.225000000000000000e+03
-2.198000000000000000e+03
5.550000000000000000e+02
1.968000000000000000e+03
4.752000000000000000e+03
7.321000000000000000e+03
5.425000000000000000e+03
4.338000000000000000e+03
3.702000000000000000e+03
-1.754000000000000000e+03
-2.083000000000000000e+03
-1.633000000000000000e+03
-1.966000000000000000e+03
-4.859000000000000000e+03
-8.890000000000000000e+02
4.598000000000000000e+03
5.630000000000000000e+02
5.280000000000000000e+02
6.970000000000000000e+02
1.067000000000000000e+03
2.750000000000000000e+02
4.570000000000000000e+02
4.060000000000000000e+02
6.000000000000000000e+00
-7.200000000000000000e+01
-2.432000000000000000e+03
-1.682000000000000000e+03
-6.150000000000000000e+02
1.079000000000000000e+03
8.200000000000000000e+01
4.490000000000000000e+02
-7.740000000000000000e+02
-3.260000000000000000e+03
-3.101000000000000000e+03
-8.430000000000000000e+02
4.077000000000000000e+03
-6.470000000000000000e+02
2.500000000000000000e+02
5.102000000000000000e+03
2.439000000000000000e+03
1.024000000000000000e+03
-4.371000000000000000e+03
-5.081000000000000000e+03
-1.033000000000000000e+03
-1.061000000000000000e+03
-7.300000000000000000e+02
-4.200000000000000000e+02
4.524000000000000000e+03
5.631000000000000000e+03
-3.879000000000000000e+03
-6.034000000000000000e+03
-2.253000000000000000e+03
-1.676000000000000000e+03
-3.645000000000000000e+03
-3.808000000000000000e+03
3.496000000000000000e+03
3.977000000000000000e+03
-8.490000000000000000e+02
-4.510000000000000000e+02
-2.637000000000000000e+03
1.290000000000000000e+03
3.405000000000000000e+03
4.000000000000000000e+01
2.801000000000000000e+03
3.078000000000000000e+03
3.862000000000000000e+03
3.479000000000000000e+03
2.594000000000000000e+03
2.929000000000000000e+03
-1.586000000000000000e+03
8.150000000000000000e+02
4.022000000000000000e+03
3.498000000000000000e+03
3.488000000000000000e+03
6.720000000000000000e+02
-2.732000000000000000e+03
-5.841000000000000000e+03
-2.645000000000000000e+03
-5.160000000000000000e+03
-7.399000000000000000e+03
-8.600000000000000000e+02
-6.110000000000000000e+02
-2.329000000000000000e+03
-9.890000000000000000e+02
1.785000000000000000e+03
-1.812000000000000000e+03
-3.941000000000000000e+03
-1.194000000000000000e+03
2.122000000000000000e+03
6.268000000000000000e+03
3.000000000000000000e+03
-6.480000000000000000e+02
-2.490000000000000000e+02
1.102000000000000000e+03
-7.040000000000000000e+02
-2.843000000000000000e+03
-3.770000000000000000e+02
1.093000000000000000e+03
1.408000000000000000e+03
4.310000000000000000e+03
3.825000000000000000e+03
1.509000000000000000e+03
1.164000000000000000e+03
-1.753000000000000000e+03
-3.088000000000000000e+03
-3.318000000000000000e+03
-3.505000000000000000e+03
-3.899000000000000000e+03
-6.717000000000000000e+03
-6.748000000000000000e+03
-2.044000000000000000e+03
3.095000000000000000e+03
2.235000000000000000e+03
6.600000000000000000e+02
2.895000000000000000e+03
4.914000000000000000e+03
5.874000000000000000e+03
2.142000000000000000e+03
3.140000000000000000e+02
9.340000000000000000e+02
-8.180000000000000000e+02
-2.830000000000000000e+03
-3.021000000000000000e+03
4.710000000000000000e+02
-7.040000000000000000e+02
2.080000000000000000e+02
3.146000000000000000e+03
3.264000000000000000e+03
5.484000000000000000e+03
5.102000000000000000e+03
2.587000000000000000e+03
1.400000000000000000e+01
7.430000000000000000e+02
-8.250000000000000000e+02
-2.673000000000000000e+03
-6.160000000000000000e+02
-2.692000000000000000e+03
-4.319000000000000000e+03
4.020000000000000000e+02
3.078000000000000000e+03
7.910000000000000000e+02
-4.700000000000000000e+02
-1.001000000000000000e+03
2.040000000000000000e+02
1.019000000000000000e+03
-7.250000000000000000e+02
-4.537000000000000000e+03
-3.926000000000000000e+03
1.570000000000000000e+02
-3.493000000000000000e+03
-3.515000000000000000e+03
3.484000000000000000e+03
1.543000000000000000e+03
-1.775000000000000000e+03
2.010000000000000000e+03
2.689000000000000000e+03
1.655000000000000000e+03
3.622000000000000000e+03
2.300000000000000000e+03
-1.328000000000000000e+03
-1.403000000000000000e+03
1.174000000000000000e+03
1.531000000000000000e+03
-2.684000000000000000e+03
-5.668000000000000000e+03
-4.871000000000000000e+03
-2.170000000000000000e+02
1.520000000000000000e+03
2.426000000000000000e+03
1.858000000000000000e+03
-1.658000000000000000e+03
1.519000000000000000e+03
6.370000000000000000e+02
6.530000000000000000e+02
2.444000000000000000e+03
8.500000000000000000e+02
-1.379000000000000000e+03
-3.340000000000000000e+03
9.710000000000000000e+02
-1.468000000000000000e+03
-6.091000000000000000e+03
-3.248000000000000000e+03
-1.988000000000000000e+03
-2.941000000000000000e+03
-6.980000000000000000e+02
2.708000000000000000e+03
1.806000000000000000e+03
-1.327000000000000000e+03
-7.250000000000000000e+02
1.104000000000000000e+03
4.937000000000000000e+03
6.611000000000000000e+03
6.520000000000000000e+02
2.346000000000000000e+03
8.253000000000000000e+03
5.089000000000000000e+03
-5.410000000000000000e+02
3.262000000000000000e+03
3.823000000000000000e+03
-9.080000000000000000e+02
1.423000000000000000e+03
2.647000000000000000e+03
-4.560000000000000000e+02
-5.210000000000000000e+03
-5.293000000000000000e+03
-5.965000000000000000e+03
-5.757000000000000000e+03
-5.981000000000000000e+03
-9.461000000000000000e+03
-4.922000000000000000e+03
-1.724000000000000000e+03
-1.943000000000000000e+03
-7.220000000000000000e+02
1.053000000000000000e+03
1.590000000000000000e+03
-5.420000000000000000e+02
4.700000000000000000e+01
1.318000000000000000e+03
4.894000000000000000e+03
5.414000000000000000e+03
2.683000000000000000e+03
6.147000000000000000e+03
7.558000000000000000e+03
6.801000000000000000e+03
7.942000000000000000e+03
6.838000000000000000e+03
3.130000000000000000e+03
3.249000000000000000e+03
1.683000000000000000e+03
-3.870000000000000000e+03
-3.878000000000000000e+03
-6.491000000000000000e+03
-9.403000000000000000e+03
-8.683000000000000000e+03
-6.944000000000000000e+03
-7.260000000000000000e+03
-5.693000000000000000e+03
-2.456000000000000000e+03
-2.156000000000000000e+03
1.512000000000000000e+03
-1.570000000000000000e+02
-1.774000000000000000e+03
9.120000000000000000e+02
3.062000000000000000e+03
1.304000000000000000e+03
-1.090000000000000000e+02
2.948000000000000000e+03
1.830000000000000000e+02
-1.800000000000000000e+01
-2.430000000000000000e+02
6.800000000000000000e+02
2.316000000000000000e+03
3.299000000000000000e+03
6.489000000000000000e+03
4.824000000000000000e+03
7.250000000000000000e+03
4.634000000000000000e+03
7.400000000000000000e+02
-9.510000000000000000e+02
-2.081000000000000000e+03
-1.262000000000000000e+03
-4.803000000000000000e+03
-7.580000000000000000e+03
-6.580000000000000000e+03
1.079000000000000000e+03
-1.507000000000000000e+03
-5.860000000000000000e+03
-3.352000000000000000e+03
-3.810000000000000000e+02
2.335000000000000000e+03
1.168000000000000000e+03
3.019000000000000000e+03
-2.200000000000000000e+01
4.250000000000000000e+02
1.579000000000000000e+03
1.297000000000000000e+03
3.628000000000000000e+03
2.209000000000000000e+03
1.689000000000000000e+03
-3.879000000000000000e+03
-2.526000000000000000e+03
1.845000000000000000e+03
2.600000000000000000e+01
-2.161000000000000000e+03
5.790000000000000000e+02
7.488000000000000000e+03
6.017000000000000000e+03
5.088000000000000000e+03
5.408000000000000000e+03
3.929000000000000000e+03
-9.300000000000000000e+02
-4.576000000000000000e+03
-4.499000000000000000e+03
-5.368000000000000000e+03
-3.896000000000000000e+03
-8.305000000000000000e+03
-7.787000000000000000e+03
-3.240000000000000000e+02
2.008000000000000000e+03
-4.910000000000000000e+02
-1.738000000000000000e+03
1.188000000000000000e+03
8.700000000000000000e+02
2.607000000000000000e+03
2.145000000000000000e+03
5.830000000000000000e+02
1.914000000000000000e+03
1.521000000000000000e+03
1.652000000000000000e+03
2.600000000000000000e+03
5.692000000000000000e+03
-1.223000000000000000e+03
-5.861000000000000000e+03
-2.200000000000000000e+03
-2.743000000000000000e+03
-2.247000000000000000e+03
-3.825000000000000000e+03
-1.493000000000000000e+03
1.322000000000000000e+03
4.143000000000000000e+03
6.996000000000000000e+03
6.196000000000000000e+03
4.686000000000000000e+03
-2.600000000000000000e+01
-1.716000000000000000e+03
-1.432000000000000000e+03
-2.844000000000000000e+03
-4.437000000000000000e+03
-2.310000000000000000e+02
8.300000000000000000e+01
-3.976000000000000000e+03
-9.890000000000000000e+02
-6.230000000000000000e+02
-2.611000000000000000e+03
-7.110000000000000000e+02
2.474000000000000000e+03
6.970000000000000000e+02
2.900000000000000000e+01
3.526000000000000000e+03
2.490000000000000000e+02
-1.115000000000000000e+03
-5.010000000000000000e+02
-1.315000000000000000e+03
-1.459000000000000000e+03
-2.379000000000000000e+03
8.530000000000000000e+02
1.760000000000000000e+03
5.660000000000000000e+02
-4.050000000000000000e+02
-9.990000000000000000e+02
-6.180000000000000000e+02
-6.000000000000000000e+02
3.139000000000000000e+03
3.980000000000000000e+03
2.480000000000000000e+03
5.444000000000000000e+03
4.541000000000000000e+03
1.160000000000000000e+02
-5.620000000000000000e+02
-6.880000000000000000e+02
-3.507000000000000000e+03
-5.020000000000000000e+03
-8.890000000000000000e+02
-5.380000000000000000e+02
-1.529000000000000000e+03
1.773000000000000000e+03
2.456000000000000000e+03
-5.210000000000000000e+02
-1.161000000000000000e+03
3.927000000000000000e+03
2.153000000000000000e+03
-1.780000000000000000e+02
-7.370000000000000000e+02
-1.870000000000000000e+03
3.000000000000000000e+01
-2.535000000000000000e+03
-3.485000000000000000e+03
-4.280000000000000000e+03
-3.214000000000000000e+03
-3.445000000000000000e+03
-4.574000000000000000e+03
2.676000000000000000e+03
5.484000000000000000e+03
1.255000000000000000e+03
3.520000000000000000e+03
8.145000000000000000e+03
3.890000000000000000e+03
-1.301000000000000000e+03
-1.185000000000000000e+03
-6.940000000000000000e+02
-3.003000000000000000e+03
-2.430000000000000000e+03
-1.900000000000000000e+02
2.083000000000000000e+03
2.066000000000000000e+03
-3.821000000000000000e+03
-1.859000000000000000e+03
-3.200000000000000000e+01
-2.471000000000000000e+03
-1.331000000000000000e+03
-1.040000000000000000e+02
1.000000000000000000e+01
4.340000000000000000e+02
2.483000000000000000e+03
1.555000000000000000e+03
4.810000000000000000e+02
-2.151000000000000000e+03
-4.614000000000000000e+03
-1.755000000000000000e+03
-7.900000000000000000e+01
-1.063000000000000000e+03
-3.220000000000000000e+02
3.967000000000000000e+03
2.858000000000000000e+03
1.680000000000000000e+02
3.951000000000000000e+03
5.228000000000000000e+03
2.297000000000000000e+03
-3.797000000000000000e+03
-1.763000000000000000e+03
2.221000000000000000e+03
-4.353000000000000000e+03
-3.660000000000000000e+03
2.550000000000000000e+03
5.454000000000000000e+03
6.640000000000000000e+02
-7.240000000000000000e+02
4.820000000000000000e+03
3.910000000000000000e+02
-2.639000000000000000e+03
-2.332000000000000000e+03
-1.164000000000000000e+03
1.618000000000000000e+03
5.131000000000000000e+03
6.666000000000000000e+03
-1.363000000000000000e+03
-5.999000000000000000e+03
-6.842000000000000000e+03
-8.855000000000000000e+03
-7.178000000000000000e+03
-3.196000000000000000e+03
9.300000000000000000e+02
4.647000000000000000e+03
4.343000000000000000e+03
3.850000000000000000e+02
-6.240000000000000000e+02
-3.102000000000000000e+03
-7.117000000000000000e+03
-2.289000000000000000e+03
1.387000000000000000e+03
-1.147000000000000000e+03
1.336000000000000000e+03
4.765000000000000000e+03
8.010000000000000000e+02
-3.864000000000000000e+03
1.000000000000000000e+02
8.690000000000000000e+02
-5.650000000000000000e+02
3.190000000000000000e+02
1.135000000000000000e+03
4.937000000000000000e+03
3.457000000000000000e+03
-3.822000000000000000e+03
-2.681000000000000000e+03
9.769000000000000000e+03
5.401000000000000000e+03
1.037000000000000000e+03
8.843000000000000000e+03
3.953000000000000000e+03
-6.464000000000000000e+03
-9.024000000000000000e+03
-1.331000000000000000e+03
-2.347000000000000000e+03
-9.382000000000000000e+03
-8.356000000000000000e+03
2.852000000000000000e+03
1.004100000000000000e+04
-2.410000000000000000e+02
-1.885000000000000000e+03
1.084700000000000000e+04
5.717000000000000000e+03
-1.186900000000000000e+04
-4.757000000000000000e+03
6.166000000000000000e+03
-9.660000000000000000e+02
-4.389000000000000000e+03
2.495000000000000000e+03
1.089900000000000000e+04
3.200000000000000000e+03
-5.093000000000000000e+03
-6.440000000000000000e+02
-2.382000000000000000e+03
-6.800000000000000000e+03
-4.229000000000000000e+03
8.202000000000000000e+03
1.399600000000000000e+04
3.210000000000000000e+03
-2.492000000000000000e+03
2.803000000000000000e+03
4.760000000000000000e+02
-8.838000000000000000e+03
-8.022000000000000000e+03
-2.185000000000000000e+03
3.569000000000000000e+03
7.770000000000000000e+03
1.804000000000000000e+03
-6.264000000000000000e+03
-2.699000000000000000e+03
1.472000000000000000e+03
-4.017000000000000000e+03
-5.547000000000000000e+03
3.837000000000000000e+03
7.325000000000000000e+03
1.349000000000000000e+03
-2.852000000000000000e+03
-1.778000000000000000e+03
-2.377000000000000000e+03
-8.920000000000000000e+03
-2.649000000000000000e+03
8.239000000000000000e+03
3.811000000000000000e+03
2.200000000000000000e+02
7.329000000000000000e+03
2.997000000000000000e+03
-6.379000000000000000e+03
-2.865000000000000000e+03
-6.455000000000000000e+03
-1.401200000000000000e+04
-6.309000000000000000e+03
4.966000000000000000e+03
6.379000000000000000e+03
2.617000000000000000e+03
1.178000000000000000e+03
2.673000000000000000e+03
-5.151000000000000000e+03
-1.039800000000000000e+04
2.920000000000000000e+03
3.297000000000000000e+03
-7.073000000000000000e+03
1.033000000000000000e+03
7.890000000000000000e+03
1.584000000000000000e+03
-5.087000000000000000e+03
-3.155000000000000000e+03
-3.677000000000000000e+03
-3.945000000000000000e+03
3.680000000000000000e+03
2.921000000000000000e+03
2.429000000000000000e+03
6.508000000000000000e+03
1.690000000000000000e+03
-8.235000000000000000e+03
-1.823000000000000000e+03
5.908000000000000000e+03
-2.023000000000000000e+03
-3.494000000000000000e+03
4.050000000000000000e+03
5.705000000000000000e+03
4.155000000000000000e+03
2.692000000000000000e+03
-9.060000000000000000e+02
5.120000000000000000e+02
4.404000000000000000e+03
9.223000000000000000e+03
9.397000000000000000e+03
7.458000000000000000e+03
1.044400000000000000e+04
3.604000000000000000e+03
-2.138000000000000000e+03
2.020000000000000000e+02
-1.913000000000000000e+03
4.950000000000000000e+02
1.850000000000000000e+02
2.886000000000000000e+03
8.229000000000000000e+03
-4.600000000000000000e+02
-4.066000000000000000e+03
8.989000000000000000e+03
1.289800000000000000e+04
-1.188100000000000000e+04
-1.276500000000000000e+04
1.378600000000000000e+04
5.447000000000000000e+03
-1.122900000000000000e+04
-2.248000000000000000e+03
-1.544000000000000000e+03
-1.865200000000000000e+04
-9.972000000000000000e+03
3.511000000000000000e+03
-1.267100000000000000e+04
-1.380000000000000000e+04
-4.730000000000000000e+02
-9.242000000000000000e+03
-1.532500000000000000e+04
1.765000000000000000e+03
1.170000000000000000e+03
-1.731800000000000000e+04
-1.373100000000000000e+04
5.589000000000000000e+03
5.175000000000000000e+03
-8.511000000000000000e+03
-4.441000000000000000e+03
7.321000000000000000e+03
5.507000000000000000e+03
-3.896000000000000000e+03
-7.565000000000000000e+03
-1.413000000000000000e+03
1.144000000000000000e+03
-6.892000000000000000e+03
-3.183000000000000000e+03
2.558000000000000000e+03
5.000000000000000000e+01
6.060000000000000000e+03
7.568000000000000000e+03
4.246000000000000000e+03
1.071100000000000000e+04
1.199800000000000000e+04
-2.060000000000000000e+02
1.847000000000000000e+03
6.419000000000000000e+03
-1.620000000000000000e+02
7.707000000000000000e+03
1.193100000000000000e+04
5.573000000000000000e+03
1.191700000000000000e+04
1.503000000000000000e+04
-1.378000000000000000e+03
-8.300000000000000000e+03
5.125000000000000000e+03
6.788000000000000000e+03
7.492000000000000000e+03
1.865700000000000000e+04
1.590800000000000000e+04
1.077500000000000000e+04
1.043000000000000000e+04
3.264000000000000000e+03
-4.789000000000000000e+03
-4.813000000000000000e+03
7.278000000000000000e+03
3.100000000000000000e+01
-1.315900000000000000e+04
1.067400000000000000e+04
2.032700000000000000e+04
-1.603200000000000000e+04
-2.484600000000000000e+04
-6.054000000000000000e+03
-1.585300000000000000e+04
-1.452400000000000000e+04
-3.384000000000000000e+03
-1.300400000000000000e+04
-2.341300000000000000e+04
-1.197700000000000000e+04
1.802000000000000000e+03
-1.792300000000000000e+04
-2.949700000000000000e+04
-8.418000000000000000e+03
2.626000000000000000e+03
-1.648600000000000000e+04
-9.170000000000000000e+03
2.052500000000000000e+04
-1.948000000000000000e+03
-2.357500000000000000e+04
-6.939000000000000000e+03
2.928000000000000000e+03
-5.159000000000000000e+03
-1.073400000000000000e+04
1.052000000000000000e+03
3.730000000000000000e+03
3.720000000000000000e+02
-5.030000000000000000e+02
-2.229000000000000000e+03
-3.400000000000000000e+01
-1.798000000000000000e+03
-4.139000000000000000e+03
-1.492000000000000000e+03
8.483000000000000000e+03
8.259000000000000000e+03
7.867000000000000000e+03
7.219000000000000000e+03
5.741000000000000000e+03
1.615700000000000000e+04
1.004200000000000000e+04
7.601000000000000000e+03
1.358300000000000000e+04
1.266600000000000000e+04
1.005200000000000000e+04
1.093300000000000000e+04
1.306800000000000000e+04
1.526100000000000000e+04
2.851500000000000000e+04
6.677000000000000000e+03
-1.649000000000000000e+03
2.192700000000000000e+04
5.670000000000000000e+02
-6.911000000000000000e+03
2.460000000000000000e+03
-7.714000000000000000e+03
-1.326400000000000000e+04
6.193000000000000000e+03
9.830000000000000000e+03
-1.874200000000000000e+04
-1.256400000000000000e+04
-2.360000000000000000e+02
-7.393000000000000000e+03
-2.133700000000000000e+04
-1.375800000000000000e+04
2.432000000000000000e+03
-2.538000000000000000e+03
-2.101000000000000000e+03
7.750000000000000000e+02
5.666000000000000000e+03
-7.319000000000000000e+03
-8.130000000000000000e+03
-4.702000000000000000e+03
-2.126200000000000000e+04
-1.359900000000000000e+04
-3.628000000000000000e+03
-7.241000000000000000e+03
-1.923900000000000000e+04
-1.483100000000000000e+04
-8.121000000000000000e+03
-1.611800000000000000e+04
-1.264000000000000000e+04
-1.131800000000000000e+04
-5.334000000000000000e+03
1.597000000000000000e+03
1.301000000000000000e+03
1.085000000000000000e+03
8.250000000000000000e+02
8.210000000000000000e+02
-1.748000000000000000e+03
-3.874000000000000000e+03
-2.632000000000000000e+03
6.913000000000000000e+03
1.239100000000000000e+04
1.745900000000000000e+04
2.601800000000000000e+04
2.719300000000000000e+04
2.329800000000000000e+04
1.851900000000000000e+04
2.042300000000000000e+04
2.279900000000000000e+04
2.149900000000000000e+04
2.272500000000000000e+04
2.447800000000000000e+04
1.694100000000000000e+04
6.208000000000000000e+03
-3.190000000000000000e+02
-9.108000000000000000e+03
-1.592100000000000000e+04
-1.382700000000000000e+04
-1.343200000000000000e+04
-6.995000000000000000e+03
5.869000000000000000e+03
1.251000000000000000e+03
-4.126000000000000000e+03
-5.882000000000000000e+03
-1.313500000000000000e+04
-1.534500000000000000e+04
-1.043900000000000000e+04
-3.547000000000000000e+03
-6.602000000000000000e+03
-1.818000000000000000e+03
5.318000000000000000e+03
2.361000000000000000e+03
3.055000000000000000e+03
-2.124000000000000000e+03
-9.244000000000000000e+03
-1.424700000000000000e+04
-1.278700000000000000e+04
-9.583000000000000000e+03
-7.839000000000000000e+03
-7.155000000000000000e+03
-1.366900000000000000e+04
-1.360700000000000000e+04
-1.649400000000000000e+04
-1.679900000000000000e+04
-1.327600000000000000e+04
-1.337800000000000000e+04
-4.999000000000000000e+03
-1.484000000000000000e+03
-3.003000000000000000e+03
-1.946000000000000000e+03
-3.183000000000000000e+03
-6.317000000000000000e+03
-1.236000000000000000e+03
5.039000000000000000e+03
7.337000000000000000e+03
1.661900000000000000e+04
2.382800000000000000e+04
2.606700000000000000e+04
2.844200000000000000e+04
2.752700000000000000e+04
1.734500000000000000e+04
1.344500000000000000e+04
1.439600000000000000e+04
5.623000000000000000e+03
4.066000000000000000e+03
6.329000000000000000e+03
-3.292000000000000000e+03
-6.744000000000000000e+03
-4.121000000000000000e+03
-4.613000000000000000e+03
-1.041400000000000000e+04
-1.303300000000000000e+04
-6.200000000000000000e+03
-4.881000000000000000e+03
-3.300000000000000000e+03
-2.417000000000000000e+03
-1.266000000000000000e+03
-2.271000000000000000e+03
-2.561000000000000000e+03
-2.288000000000000000e+03
-6.962000000000000000e+03
-3.554000000000000000e+03
3.053000000000000000e+03
6.570000000000000000e+02
2.289000000000000000e+03
1.295700000000000000e+04
1.013200000000000000e+04
5.380000000000000000e+03
4.475000000000000000e+03
-4.440000000000000000e+02
-5.770000000000000000e+03
-7.399000000000000000e+03
-9.824000000000000000e+03
-2.008800000000000000e+04
-1.659800000000000000e+04
-1.329200000000000000e+04
-1.769400000000000000e+04
-1.826900000000000000e+04
-1.636400000000000000e+04
-1.294800000000000000e+04
-1.126500000000000000e+04
-7.634000000000000000e+03
-4.761000000000000000e+03
-7.450000000000000000e+02
3.174000000000000000e+03
3.409000000000000000e+03
9.746000000000000000e+03
2.036500000000000000e+04
2.541400000000000000e+04
2.848300000000000000e+04
2.939900000000000000e+04
2.819100000000000000e+04
2.316300000000000000e+04
1.441900000000000000e+04
6.693000000000000000e+03
2.394000000000000000e+03
2.897000000000000000e+03
3.900000000000000000e+01
-9.360000000000000000e+02
-2.182000000000000000e+03
-7.899000000000000000e+03
-1.741100000000000000e+04
-2.367000000000000000e+04
-2.331700000000000000e+04
-1.965300000000000000e+04
-9.938000000000000000e+03
-6.111000000000000000e+03
1.150000000000000000e+02
3.713000000000000000e+03
2.018000000000000000e+03
-3.600000000000000000e+02
-1.156000000000000000e+03
6.480000000000000000e+02
2.030000000000000000e+02
9.622000000000000000e+03
1.521700000000000000e+04
1.851700000000000000e+04
1.646700000000000000e+04
1.008700000000000000e+04
7.316000000000000000e+03
5.718000000000000000e+03
5.467000000000000000e+03
2.533000000000000000e+03
5.916000000000000000e+03
2.617000000000000000e+03
-7.942000000000000000e+03
-1.456800000000000000e+04
-2.070500000000000000e+04
-2.767700000000000000e+04
-3.015200000000000000e+04
-2.350800000000000000e+04
-1.792300000000000000e+04
-8.495000000000000000e+03
-2.900000000000000000e+02
-2.929000000000000000e+03
-6.427000000000000000e+03
-8.937000000000000000e+03
-9.648000000000000000e+03
-5.554000000000000000e+03
5.615000000000000000e+03
1.788000000000000000e+04
2.791700000000000000e+04
3.239200000000000000e+04
3.076200000000000000e+04
2.902900000000000000e+04
2.263500000000000000e+04
1.247400000000000000e+04
1.841000000000000000e+03
-2.243000000000000000e+03
3.343000000000000000e+03
1.380000000000000000e+03
6.980000000000000000e+02
3.787000000000000000e+03
-2.407000000000000000e+03
-1.088800000000000000e+04
-2.455400000000000000e+04
-2.897400000000000000e+04
-2.822700000000000000e+04
-2.275700000000000000e+04
-8.701000000000000000e+03
-2.500000000000000000e+01
5.522000000000000000e+03
2.142000000000000000e+03
2.031000000000000000e+03
-1.080000000000000000e+02
-2.660000000000000000e+02
2.018000000000000000e+03
3.819000000000000000e+03
1.535000000000000000e+04
2.399200000000000000e+04
3.016700000000000000e+04
2.636400000000000000e+04
1.896100000000000000e+04
7.159000000000000000e+03
-2.677000000000000000e+03
-6.518000000000000000e+03
-1.205500000000000000e+04
-5.111000000000000000e+03
1.087000000000000000e+03
-2.187000000000000000e+03
-7.111000000000000000e+03
-1.143900000000000000e+04
-2.104800000000000000e+04
-2.903400000000000000e+04
-2.728700000000000000e+04
-2.396600000000000000e+04
-1.878800000000000000e+04
-6.158000000000000000e+03
4.229000000000000000e+03
1.670000000000000000e+03
2.042000000000000000e+03
1.570000000000000000e+03
-6.207000000000000000e+03
-1.720000000000000000e+03
1.757900000000000000e+04
2.939400000000000000e+04
2.784000000000000000e+04
2.818800000000000000e+04
2.750400000000000000e+04
2.262900000000000000e+04
9.879000000000000000e+03
-4.012000000000000000e+03
-8.262000000000000000e+03
-1.030600000000000000e+04
-8.982000000000000000e+03
9.810000000000000000e+02
6.931000000000000000e+03
-3.731000000000000000e+03
-1.311500000000000000e+04
-2.095100000000000000e+04
-2.810900000000000000e+04
-2.456500000000000000e+04
-1.770100000000000000e+04
-1.268600000000000000e+04
-8.216000000000000000e+03
8.966000000000000000e+03
1.534800000000000000e+04
3.225000000000000000e+03
2.227000000000000000e+03
6.037000000000000000e+03
3.247000000000000000e+03
5.313000000000000000e+03
1.985900000000000000e+04
2.801400000000000000e+04
2.740300000000000000e+04
2.369800000000000000e+04
1.628700000000000000e+04
6.037000000000000000e+03
-2.743000000000000000e+03
-1.030300000000000000e+04
-2.093300000000000000e+04
-1.449100000000000000e+04
-5.243000000000000000e+03
-7.686000000000000000e+03
-5.425000000000000000e+03
-4.607000000000000000e+03
-1.055700000000000000e+04
-1.713900000000000000e+04
-1.961000000000000000e+04
-1.617300000000000000e+04
-8.908000000000000000e+03
1.410000000000000000e+02
2.137000000000000000e+03
1.710000000000000000e+02
6.093000000000000000e+03
-1.730000000000000000e+02
-7.661000000000000000e+03
3.299000000000000000e+03
1.027500000000000000e+04
1.429100000000000000e+04
2.406600000000000000e+04
2.900500000000000000e+04
2.260100000000000000e+04
1.791300000000000000e+04
1.576000000000000000e+03
-2.150700000000000000e+04
-9.987000000000000000e+03
-3.973000000000000000e+03
-2.062900000000000000e+04
-3.907000000000000000e+03
1.961100000000000000e+04
3.355000000000000000e+03
-8.198000000000000000e+03
-3.199000000000000000e+03
-2.022100000000000000e+04
-2.853300000000000000e+04
-8.172000000000000000e+03
-3.089000000000000000e+03
-1.099000000000000000e+04
1.029800000000000000e+04
2.086700000000000000e+04
-3.796000000000000000e+03
8.090000000000000000e+02
1.163300000000000000e+04
-8.103000000000000000e+03
-9.687000000000000000e+03
1.268400000000000000e+04
1.976400000000000000e+04
1.871700000000000000e+04
2.612900000000000000e+04
1.705300000000000000e+04
-2.500000000000000000e+03
-8.068000000000000000e+03
-6.166000000000000000e+03
-1.483000000000000000e+04
-2.065600000000000000e+04
-2.103000000000000000e+03
4.428000000000000000e+03
-8.628000000000000000e+03
-6.058000000000000000e+03
-3.106000000000000000e+03
-1.812800000000000000e+04
-2.730900000000000000e+04
-1.332700000000000000e+04
1.151000000000000000e+03
1.001000000000000000e+03
1.200900000000000000e+04
2.963400000000000000e+04
2.170300000000000000e+04
7.969000000000000000e+03
1.187300000000000000e+04
4.267000000000000000e+03
-8.065000000000000000e+03
1.467000000000000000e+03
2.510000000000000000e+03
-8.518000000000000000e+03
3.248000000000000000e+03
1.372800000000000000e+04
1.183000000000000000e+03
-4.000000000000000000e+02
-3.512000000000000000e+03
-2.053200000000000000e+04
-1.976300000000000000e+04
-1.182600000000000000e+04
-7.939000000000000000e+03
2.279000000000000000e+03
1.479000000000000000e+03
2.632000000000000000e+03
1.494500000000000000e+04
4.787000000000000000e+03
-8.428000000000000000e+03
-4.398000000000000000e+03
-7.183000000000000000e+03
-9.577000000000000000e+03
1.542000000000000000e+04
2.921000000000000000e+04
1.121600000000000000e+04
6.726000000000000000e+03
6.877000000000000000e+03
-1.019900000000000000e+04
-1.314900000000000000e+04
2.563000000000000000e+03
-6.120000000000000000e+02
-3.259000000000000000e+03
1.360000000000000000e+04
1.509700000000000000e+04
5.751000000000000000e+03
2.558000000000000000e+03
-7.704000000000000000e+03
-2.367100000000000000e+04
-1.901400000000000000e+04
-6.006000000000000000e+03
-5.585000000000000000e+03
-3.244000000000000000e+03
4.143000000000000000e+03
3.787000000000000000e+03
-5.414000000000000000e+03
-4.890000000000000000e+03
-7.290000000000000000e+03
-1.549600000000000000e+04
-5.557000000000000000e+03
9.482000000000000000e+03
1.668600000000000000e+04
1.891300000000000000e+04
1.853300000000000000e+04
7.944000000000000000e+03
-1.741000000000000000e+03
-8.510000000000000000e+02
-3.740000000000000000e+03
-6.384000000000000000e+03
4.530000000000000000e+02
7.949000000000000000e+03
7.323000000000000000e+03
3.979000000000000000e+03
5.700000000000000000e+01
-7.066000000000000000e+03
-1.479500000000000000e+04
-1.259100000000000000e+04
-6.546000000000000000e+03
-6.476000000000000000e+03
-6.410000000000000000e+02
4.624000000000000000e+03
-1.450000000000000000e+02
-2.289000000000000000e+03
4.550000000000000000e+02
-1.557000000000000000e+03
-2.278000000000000000e+03
1.113000000000000000e+03
2.064000000000000000e+03
5.885000000000000000e+03
1.167900000000000000e+04
1.456300000000000000e+04
1.188500000000000000e+04
8.749000000000000000e+03
3.474000000000000000e+03
-7.790000000000000000e+03
-4.470000000000000000e+03
2.538000000000000000e+03
-2.123000000000000000e+03
-6.930000000000000000e+02
4.587000000000000000e+03
3.451000000000000000e+03
1.372000000000000000e+03
-1.200000000000000000e+02
-1.311200000000000000e+04
-2.147000000000000000e+04
-1.077000000000000000e+04
-5.770000000000000000e+03
-6.718000000000000000e+03
2.877000000000000000e+03
4.153000000000000000e+03
-9.470000000000000000e+03
-7.535000000000000000e+03
-4.240000000000000000e+02
-3.750000000000000000e+03
7.280000000000000000e+02
5.541000000000000000e+03
3.299000000000000000e+03
7.675000000000000000e+03
1.591100000000000000e+04
7.406000000000000000e+03
-3.353000000000000000e+03
1.810000000000000000e+02
-4.236000000000000000e+03
-5.416000000000000000e+03
5.910000000000000000e+03
7.919000000000000000e+03
4.233000000000000000e+03
4.739000000000000000e+03
2.118000000000000000e+03
-3.702000000000000000e+03
-4.473000000000000000e+03
-7.210000000000000000e+03
-9.805000000000000000e+03
-2.118000000000000000e+03
5.908000000000000000e+03
4.818000000000000000e+03
2.807000000000000000e+03
4.013000000000000000e+03
-6.950000000000000000e+02
-4.234000000000000000e+03
-1.666000000000000000e+03
2.210000000000000000e+02
3.816000000000000000e+03
7.521000000000000000e+03
7.669000000000000000e+03
5.555000000000000000e+03
3.420000000000000000e+03
1.403000000000000000e+03
-2.795000000000000000e+03
-4.449000000000000000e+03
-2.416000000000000000e+03
-6.060000000000000000e+02
3.573000000000000000e+03
4.238000000000000000e+03
-4.560000000000000000e+02
-3.766000000000000000e+03
-6.225000000000000000e+03
-9.009000000000000000e+03
-1.022800000000000000e+04
-6.646000000000000000e+03
-3.153000000000000000e+03
-2.137000000000000000e+03
-1.081000000000000000e+03
-2.469000000000000000e+03
-4.222000000000000000e+03
-4.082000000000000000e+03
-3.422000000000000000e+03
-2.824000000000000000e+03
1.363000000000000000e+03
6.518000000000000000e+03
7.117000000000000000e+03
6.098000000000000000e+03
4.927000000000000000e+03
7.640000000000000000e+02
-2.153000000000000000e+03
-7.440000000000000000e+02
-1.032000000000000000e+03
9.870000000000000000e+02
5.634000000000000000e+03
6.428000000000000000e+03
6.104000000000000000e+03
3.574000000000000000e+03
-2.530000000000000000e+02
-1.665000000000000000e+03
-2.122000000000000000e+03
-1.683000000000000000e+03
-2.360000000000000000e+02
2.678000000000000000e+03
5.156000000000000000e+03
4.595000000000000000e+03
4.206000000000000000e+03
1.626000000000000000e+03
-1.700000000000000000e+03
-1.041000000000000000e+03
-5.050000000000000000e+02
9.510000000000000000e+02
3.683000000000000000e+03
4.313000000000000000e+03
3.568000000000000000e+03
2.280000000000000000e+03
-1.732000000000000000e+03
-5.085000000000000000e+03
-5.017000000000000000e+03
-3.832000000000000000e+03
-1.803000000000000000e+03
-1.136000000000000000e+03
1.220000000000000000e+02
8.800000000000000000e+01
-2.428000000000000000e+03
-4.674000000000000000e+03
-7.265000000000000000e+03
-8.537000000000000000e+03
-8.407000000000000000e+03
-5.718000000000000000e+03
-1.543000000000000000e+03
8.920000000000000000e+02
3.910000000000000000e+02
-1.712000000000000000e+03
-4.235000000000000000e+03
-4.260000000000000000e+03
-1.955000000000000000e+03
-1.636000000000000000e+03
1.041000000000000000e+03
3.543000000000000000e+03
3.207000000000000000e+03
4.920000000000000000e+03
4.923000000000000000e+03
2.492000000000000000e+03
-3.120000000000000000e+02
-1.729000000000000000e+03
5.500000000000000000e+01
1.712000000000000000e+03
5.431000000000000000e+03
8.183000000000000000e+03
4.436000000000000000e+03
1.174000000000000000e+03
1.098000000000000000e+03
1.081000000000000000e+03
2.378000000000000000e+03
3.792000000000000000e+03
2.440000000000000000e+03
4.310000000000000000e+03
7.955000000000000000e+03
6.970000000000000000e+03
4.409000000000000000e+03
2.419000000000000000e+03
6.190000000000000000e+02
-1.624000000000000000e+03
4.730000000000000000e+02
3.515000000000000000e+03
1.314000000000000000e+03
2.480000000000000000e+02
-9.600000000000000000e+02
-3.405000000000000000e+03
-3.430000000000000000e+03
-3.015000000000000000e+03
-4.365000000000000000e+03
-4.939000000000000000e+03
-2.673000000000000000e+03
-1.194000000000000000e+03
-1.607000000000000000e+03
-2.956000000000000000e+03
-5.720000000000000000e+03
-9.011000000000000000e+03
-9.681000000000000000e+03
-7.775000000000000000e+03
-5.440000000000000000e+03
-3.594000000000000000e+03
-2.311000000000000000e+03
-7.060000000000000000e+02
-1.151000000000000000e+03
-2.250000000000000000e+03
-1.764000000000000000e+03
-2.200000000000000000e+03
-2.627000000000000000e+03
-1.260000000000000000e+02
3.295000000000000000e+03
4.369000000000000000e+03
3.432000000000000000e+03
2.815000000000000000e+03
2.514000000000000000e+03
2.095000000000000000e+03
3.203000000000000000e+03
3.848000000000000000e+03
2.795000000000000000e+03
3.259000000000000000e+03
5.839000000000000000e+03
6.416000000000000000e+03
4.060000000000000000e+03
1.447000000000000000e+03
-6.470000000000000000e+02
-1.079000000000000000e+03
4.790000000000000000e+02
2.622000000000000000e+03
3.603000000000000000e+03
3.102000000000000000e+03
3.657000000000000000e+03
4.299000000000000000e+03
2.481000000000000000e+03
1.250000000000000000e+02
7.560000000000000000e+02
1.078000000000000000e+03
1.680000000000000000e+03
5.941000000000000000e+03
6.902000000000000000e+03
3.309000000000000000e+03
1.453000000000000000e+03
4.760000000000000000e+02
-3.874000000000000000e+03
-6.305000000000000000e+03
-3.408000000000000000e+03
-3.824000000000000000e+03
-4.819000000000000000e+03
-7.710000000000000000e+02
-1.111000000000000000e+03
-5.877000000000000000e+03
-7.309000000000000000e+03
-8.260000000000000000e+03
-1.106000000000000000e+04
-9.238000000000000000e+03
-3.705000000000000000e+03
-2.070000000000000000e+03
-1.202000000000000000e+03
1.228000000000000000e+03
1.920000000000000000e+02
-3.606000000000000000e+03
-3.377000000000000000e+03
-6.110000000000000000e+02
-1.296000000000000000e+03
-8.150000000000000000e+02
2.757000000000000000e+03
2.691000000000000000e+03
1.894000000000000000e+03
3.873000000000000000e+03
3.420000000000000000e+03
1.548000000000000000e+03
1.432000000000000000e+03
2.940000000000000000e+03
4.605000000000000000e+03
6.895000000000000000e+03
8.768000000000000000e+03
5.912000000000000000e+03
1.632000000000000000e+03
-6.130000000000000000e+02
-1.097000000000000000e+03
-7.520000000000000000e+02
-1.077000000000000000e+03
-6.390000000000000000e+02
1.034000000000000000e+03
1.909000000000000000e+03
2.901000000000000000e+03
4.320000000000000000e+03
1.098000000000000000e+03
-2.546000000000000000e+03
-9.380000000000000000e+02
1.158000000000000000e+03
2.311000000000000000e+03
4.767000000000000000e+03
5.581000000000000000e+03
2.375000000000000000e+03
1.466000000000000000e+03
2.406000000000000000e+03
-2.750000000000000000e+02
-2.500000000000000000e+03
-1.314000000000000000e+03
-1.720000000000000000e+03
-2.955000000000000000e+03
-9.130000000000000000e+02
-5.720000000000000000e+02
-3.259000000000000000e+03
-6.543000000000000000e+03
-8.106000000000000000e+03
-8.192000000000000000e+03
-8.640000000000000000e+03
-5.806000000000000000e+03
-3.742000000000000000e+03
-4.639000000000000000e+03
-2.894000000000000000e+03
-1.349000000000000000e+03
-1.890000000000000000e+03
-1.081000000000000000e+03
9.790000000000000000e+02
1.066000000000000000e+03
5.310000000000000000e+02
3.442000000000000000e+03
6.408000000000000000e+03
4.802000000000000000e+03
2.909000000000000000e+03
4.230000000000000000e+03
2.996000000000000000e+03
4.360000000000000000e+02
2.587000000000000000e+03
3.908000000000000000e+03
3.095000000000000000e+03
3.532000000000000000e+03
2.441000000000000000e+03
4.570000000000000000e+02
-6.400000000000000000e+02
-3.040000000000000000e+02
-1.000000000000000000e+02
-2.270000000000000000e+02
1.325000000000000000e+03
8.300000000000000000e+02
-1.007000000000000000e+03
-4.350000000000000000e+02
-6.000000000000000000e+00
-1.233000000000000000e+03
-1.351000000000000000e+03
-9.270000000000000000e+02
2.640000000000000000e+02
2.453000000000000000e+03
3.691000000000000000e+03
3.756000000000000000e+03
2.485000000000000000e+03
1.516000000000000000e+03
1.528000000000000000e+03
2.079000000000000000e+03
1.593000000000000000e+03
9.680000000000000000e+02
1.429000000000000000e+03
-1.330000000000000000e+02
-1.220000000000000000e+03
-1.499000000000000000e+03
-3.353000000000000000e+03
-5.443000000000000000e+03
-6.503000000000000000e+03
-5.881000000000000000e+03
-5.760000000000000000e+03
-6.009000000000000000e+03
-6.548000000000000000e+03
-6.726000000000000000e+03
-5.309000000000000000e+03
-3.875000000000000000e+03
-3.152000000000000000e+03
-1.630000000000000000e+03
1.620000000000000000e+02
4.150000000000000000e+02
1.227000000000000000e+03
3.432000000000000000e+03
5.134000000000000000e+03
5.752000000000000000e+03
6.482000000000000000e+03
7.080000000000000000e+03
6.204000000000000000e+03
5.115000000000000000e+03
3.959000000000000000e+03
3.409000000000000000e+03
2.804000000000000000e+03
1.430000000000000000e+02
-1.373000000000000000e+03
-1.221000000000000000e+03
-8.020000000000000000e+02
-1.480000000000000000e+02
3.100000000000000000e+01
-2.740000000000000000e+02
-1.107000000000000000e+03
-1.355000000000000000e+03
-1.016000000000000000e+03
-1.041000000000000000e+03
-1.513000000000000000e+03
-1.490000000000000000e+03
-9.050000000000000000e+02
3.300000000000000000e+02
2.444000000000000000e+03
3.256000000000000000e+03
2.211000000000000000e+03
1.758000000000000000e+03
2.641000000000000000e+03
2.403000000000000000e+03
2.361000000000000000e+03
3.288000000000000000e+03
2.069000000000000000e+03
1.285000000000000000e+03
1.954000000000000000e+03
1.070000000000000000e+03
-1.561000000000000000e+03
-2.874000000000000000e+03
-3.298000000000000000e+03
-5.323000000000000000e+03
-5.914000000000000000e+03
-5.729000000000000000e+03
-6.366000000000000000e+03
-6.159000000000000000e+03
-6.133000000000000000e+03
-5.888000000000000000e+03
-4.669000000000000000e+03
-4.421000000000000000e+03
-3.183000000000000000e+03
-6.640000000000000000e+02
1.500000000000000000e+02
1.321000000000000000e+03
3.018000000000000000e+03
3.779000000000000000e+03
4.334000000000000000e+03
4.984000000000000000e+03
5.497000000000000000e+03
5.025000000000000000e+03
5.095000000000000000e+03
5.922000000000000000e+03
5.013000000000000000e+03
4.394000000000000000e+03
4.425000000000000000e+03
2.228000000000000000e+03
7.700000000000000000e+01
-2.440000000000000000e+02
-5.220000000000000000e+02
-1.820000000000000000e+03
-2.791000000000000000e+03
-2.523000000000000000e+03
-2.667000000000000000e+03
-2.700000000000000000e+03
-1.765000000000000000e+03
-1.318000000000000000e+03
-1.229000000000000000e+03
-5.190000000000000000e+02
3.280000000000000000e+02
1.409000000000000000e+03
1.918000000000000000e+03
1.310000000000000000e+03
1.301000000000000000e+03
1.498000000000000000e+03
2.458000000000000000e+03
3.403000000000000000e+03
2.441000000000000000e+03
1.859000000000000000e+03
1.296000000000000000e+03
-8.600000000000000000e+01
-8.640000000000000000e+02
-1.501000000000000000e+03
-2.258000000000000000e+03
-2.602000000000000000e+03
-3.053000000000000000e+03
-3.589000000000000000e+03
-4.491000000000000000e+03
-5.428000000000000000e+03
-5.078000000000000000e+03
-5.093000000000000000e+03
-4.307000000000000000e+03
-2.855000000000000000e+03
-3.425000000000000000e+03
-3.004000000000000000e+03
-1.613000000000000000e+03
-5.320000000000000000e+02
3.970000000000000000e+02
6.390000000000000000e+02
2.563000000000000000e+03
4.857000000000000000e+03
6.024000000000000000e+03
7.283000000000000000e+03
6.299000000000000000e+03
4.007000000000000000e+03
3.744000000000000000e+03
3.421000000000000000e+03
2.388000000000000000e+03
2.210000000000000000e+03
1.533000000000000000e+03
3.110000000000000000e+02
-5.090000000000000000e+02
-3.070000000000000000e+02
-1.950000000000000000e+02
-1.655000000000000000e+03
-2.049000000000000000e+03
-1.795000000000000000e+03
-1.709000000000000000e+03
-3.580000000000000000e+02
4.900000000000000000e+01
-7.300000000000000000e+01
4.700000000000000000e+02
1.049000000000000000e+03
1.898000000000000000e+03
1.933000000000000000e+03
1.117000000000000000e+03
5.630000000000000000e+02
4.760000000000000000e+02
9.100000000000000000e+02
1.798000000000000000e+03
2.401000000000000000e+03
1.752000000000000000e+03
-2.690000000000000000e+02
-1.637000000000000000e+03
-2.482000000000000000e+03
-4.560000000000000000e+03
-5.253000000000000000e+03
-4.372000000000000000e+03
-3.903000000000000000e+03
-2.809000000000000000e+03
-1.313000000000000000e+03
-1.139000000000000000e+03
-2.299000000000000000e+03
-2.818000000000000000e+03
-3.003000000000000000e+03
-3.699000000000000000e+03
-2.927000000000000000e+03
-1.081000000000000000e+03
-6.000000000000000000e+00
1.090000000000000000e+03
2.577000000000000000e+03
2.814000000000000000e+03
2.046000000000000000e+03
2.039000000000000000e+03
2.288000000000000000e+03
2.907000000000000000e+03
3.980000000000000000e+03
4.554000000000000000e+03
4.545000000000000000e+03
3.656000000000000000e+03
3.354000000000000000e+03
2.460000000000000000e+03
-1.100000000000000000e+01
-1.570000000000000000e+02
4.550000000000000000e+02
-3.900000000000000000e+02
-1.800000000000000000e+02
7.200000000000000000e+01
-8.270000000000000000e+02
-1.807000000000000000e+03
-2.660000000000000000e+03
-2.993000000000000000e+03
-2.860000000000000000e+03
-1.482000000000000000e+03
5.090000000000000000e+02
1.435000000000000000e+03
2.558000000000000000e+03
3.135000000000000000e+03
2.150000000000000000e+03
1.714000000000000000e+03
1.999000000000000000e+03
1.404000000000000000e+03
1.029000000000000000e+03
2.031000000000000000e+03
2.314000000000000000e+03
1.019000000000000000e+03
-3.630000000000000000e+02
-1.995000000000000000e+03
-3.683000000000000000e+03
-4.414000000000000000e+03
-4.749000000000000000e+03
-3.960000000000000000e+03
-3.204000000000000000e+03
-3.371000000000000000e+03
-3.102000000000000000e+03
-3.264000000000000000e+03
-3.281000000000000000e+03
-3.277000000000000000e+03
-3.229000000000000000e+03
-2.703000000000000000e+03
-2.048000000000000000e+03
1.980000000000000000e+02
2.320000000000000000e+03
2.714000000000000000e+03
3.301000000000000000e+03
3.600000000000000000e+03
2.036000000000000000e+03
1.338000000000000000e+03
2.376000000000000000e+03
2.370000000000000000e+03
2.360000000000000000e+03
3.550000000000000000e+03
3.721000000000000000e+03
2.780000000000000000e+03
3.120000000000000000e+03
2.413000000000000000e+03
-2.840000000000000000e+02
-9.000000000000000000e+02
-7.280000000000000000e+02
-1.503000000000000000e+03
-8.470000000000000000e+02
7.970000000000000000e+02
4.320000000000000000e+02
-1.216000000000000000e+03
-1.295000000000000000e+03
-1.502000000000000000e+03
-2.233000000000000000e+03
-1.376000000000000000e+03
-9.600000000000000000e+01
1.301000000000000000e+03
2.891000000000000000e+03
3.722000000000000000e+03
3.488000000000000000e+03
2.700000000000000000e+03
2.089000000000000000e+03
1.332000000000000000e+03
1.024000000000000000e+03
1.765000000000000000e+03
2.797000000000000000e+03
2.065000000000000000e+03
-1.730000000000000000e+02
-2.002000000000000000e+03
-4.021000000000000000e+03
-5.771000000000000000e+03
-5.916000000000000000e+03
-4.504000000000000000e+03
-3.841000000000000000e+03
-3.485000000000000000e+03
-1.660000000000000000e+03
-8.960000000000000000e+02
-1.641000000000000000e+03
-2.180000000000000000e+03
-2.213000000000000000e+03
-2.434000000000000000e+03
-1.041000000000000000e+03
1.755000000000000000e+03
2.301000000000000000e+03
2.374000000000000000e+03
2.721000000000000000e+03
1.508000000000000000e+03
3.610000000000000000e+02
6.900000000000000000e+01
-2.060000000000000000e+02
-4.750000000000000000e+02
-5.660000000000000000e+02
6.570000000000000000e+02
2.266000000000000000e+03
1.762000000000000000e+03
9.470000000000000000e+02
1.860000000000000000e+02
-1.246000000000000000e+03
-1.668000000000000000e+03
-1.271000000000000000e+03
-3.720000000000000000e+02
-4.800000000000000000e+01
1.450000000000000000e+02
1.742000000000000000e+03
2.003000000000000000e+03
1.237000000000000000e+03
1.076000000000000000e+03
2.020000000000000000e+02
5.000000000000000000e+00
1.635000000000000000e+03
3.549000000000000000e+03
3.636000000000000000e+03
3.225000000000000000e+03
4.096000000000000000e+03
3.358000000000000000e+03
1.715000000000000000e+03
1.971000000000000000e+03
1.316000000000000000e+03
-6.610000000000000000e+02
-5.780000000000000000e+02
2.800000000000000000e+01
-7.570000000000000000e+02
-1.256000000000000000e+03
-1.543000000000000000e+03
-3.112000000000000000e+03
-4.209000000000000000e+03
-3.488000000000000000e+03
-3.907000000000000000e+03
-4.390000000000000000e+03
-2.836000000000000000e+03
-2.013000000000000000e+03
-1.366000000000000000e+03
-6.400000000000000000e+01
-3.410000000000000000e+02
-7.510000000000000000e+02
1.610000000000000000e+02
8.400000000000000000e+02
1.046000000000000000e+03
1.309000000000000000e+03
1.429000000000000000e+03
8.300000000000000000e+02
2.040000000000000000e+02
2.000000000000000000e+02
-4.450000000000000000e+02
-1.484000000000000000e+03
-1.540000000000000000e+03
-1.062000000000000000e+03
-4.060000000000000000e+02
-1.850000000000000000e+02
-8.130000000000000000e+02
-1.058000000000000000e+03
-1.427000000000000000e+03
-1.495000000000000000e+03
-4.630000000000000000e+02
4.490000000000000000e+02
9.460000000000000000e+02
1.149000000000000000e+03
1.635000000000000000e+03
1.797000000000000000e+03
1.984000000000000000e+03
2.560000000000000000e+03
1.848000000000000000e+03
1.719000000000000000e+03
3.183000000000000000e+03
3.520000000000000000e+03
2.873000000000000000e+03
2.782000000000000000e+03
2.019000000000000000e+03
6.070000000000000000e+02
1.940000000000000000e+02
3.050000000000000000e+02
-2.150000000000000000e+02
-9.350000000000000000e+02
-1.298000000000000000e+03
-1.501000000000000000e+03
-1.185000000000000000e+03
-6.100000000000000000e+02
-1.900000000000000000e+01
1.260000000000000000e+02
-7.060000000000000000e+02
-1.527000000000000000e+03
-1.919000000000000000e+03
-1.952000000000000000e+03
-1.492000000000000000e+03
-6.690000000000000000e+02
-3.310000000000000000e+02
-7.000000000000000000e+00
1.090000000000000000e+03
1.333000000000000000e+03
7.690000000000000000e+02
4.600000000000000000e+02
-3.610000000000000000e+02
-1.386000000000000000e+03
-1.216000000000000000e+03
-7.610000000000000000e+02
-8.220000000000000000e+02
-1.273000000000000000e+03
-2.205000000000000000e+03
-3.094000000000000000e+03
-3.236000000000000000e+03
-2.364000000000000000e+03
-1.631000000000000000e+03
-1.263000000000000000e+03
-9.700000000000000000e+02
-5.600000000000000000e+02
2.490000000000000000e+02
8.200000000000000000e+02
1.150000000000000000e+03
1.195000000000000000e+03
1.472000000000000000e+03
2.121000000000000000e+03
3.097000000000000000e+03
4.048000000000000000e+03
3.444000000000000000e+03
2.350000000000000000e+03
1.844000000000000000e+03
1.747000000000000000e+03
2.090000000000000000e+03
2.046000000000000000e+03
1.488000000000000000e+03
6.700000000000000000e+02
2.510000000000000000e+02
5.170000000000000000e+02
2.540000000000000000e+02
-2.640000000000000000e+02
-3.450000000000000000e+02
-9.090000000000000000e+02
-1.219000000000000000e+03
-4.870000000000000000e+02
-1.840000000000000000e+02
-8.460000000000000000e+02
-1.220000000000000000e+03
-1.025000000000000000e+03
-1.240000000000000000e+03
-1.051000000000000000e+03
-3.510000000000000000e+02
-4.160000000000000000e+02
-5.700000000000000000e+01
9.860000000000000000e+02
1.118000000000000000e+03
8.510000000000000000e+02
7.790000000000000000e+02
3.580000000000000000e+02
-1.350000000000000000e+02
-3.360000000000000000e+02
-5.350000000000000000e+02
-1.131000000000000000e+03
-1.607000000000000000e+03
-2.046000000000000000e+03
-2.480000000000000000e+03
-2.057000000000000000e+03
-2.039000000000000000e+03
-2.326000000000000000e+03
-1.663000000000000000e+03
-1.765000000000000000e+03
-2.072000000000000000e+03
-1.209000000000000000e+03
-9.180000000000000000e+02
-9.380000000000000000e+02
-2.330000000000000000e+02
4.050000000000000000e+02
6.150000000000000000e+02
1.301000000000000000e+03
2.522000000000000000e+03
2.292000000000000000e+03
2.121000000000000000e+03
3.368000000000000000e+03
3.383000000000000000e+03
2.870000000000000000e+03
2.996000000000000000e+03
2.547000000000000000e+03
1.421000000000000000e+03
9.150000000000000000e+02
9.310000000000000000e+02
-4.000000000000000000e+01
-4.130000000000000000e+02
-9.000000000000000000e+01
-7.660000000000000000e+02
-9.340000000000000000e+02
-4.860000000000000000e+02
-7.190000000000000000e+02
-1.038000000000000000e+03
-8.880000000000000000e+02
-3.160000000000000000e+02
2.650000000000000000e+02
6.050000000000000000e+02
8.020000000000000000e+02
3.520000000000000000e+02
1.310000000000000000e+02
7.800000000000000000e+02
1.231000000000000000e+03
1.525000000000000000e+03
1.296000000000000000e+03
4.860000000000000000e+02
-3.710000000000000000e+02
-1.151000000000000000e+03
-1.392000000000000000e+03
-1.385000000000000000e+03
-1.591000000000000000e+03
-1.897000000000000000e+03
-1.580000000000000000e+03
-1.740000000000000000e+03
-2.352000000000000000e+03
-2.145000000000000000e+03
-2.502000000000000000e+03
-2.493000000000000000e+03
-1.975000000000000000e+03
-1.678000000000000000e+03
-8.490000000000000000e+02
-2.300000000000000000e+02
-2.310000000000000000e+02
-3.260000000000000000e+02
-3.560000000000000000e+02
-4.860000000000000000e+02
-5.000000000000000000e+01
9.350000000000000000e+02
1.842000000000000000e+03
2.908000000000000000e+03
3.465000000000000000e+03
2.836000000000000000e+03
2.502000000000000000e+03
2.619000000000000000e+03
1.889000000000000000e+03
1.492000000000000000e+03
1.526000000000000000e+03
1.053000000000000000e+03
9.270000000000000000e+02
1.221000000000000000e+03
7.300000000000000000e+02
-2.150000000000000000e+02
-4.580000000000000000e+02
-9.740000000000000000e+02
-1.490000000000000000e+03
-1.318000000000000000e+03
-1.321000000000000000e+03
-1.058000000000000000e+03
-7.900000000000000000e+01
8.060000000000000000e+02
9.770000000000000000e+02
1.039000000000000000e+03
8.890000000000000000e+02
4.670000000000000000e+02
4.790000000000000000e+02
3.650000000000000000e+02
2.630000000000000000e+02
5.310000000000000000e+02
5.470000000000000000e+02
6.010000000000000000e+02
4.380000000000000000e+02
-6.260000000000000000e+02
-1.907000000000000000e+03
-2.696000000000000000e+03
-2.875000000000000000e+03
-2.690000000000000000e+03
-2.220000000000000000e+03
-1.557000000000000000e+03
-1.621000000000000000e+03
-1.833000000000000000e+03
-1.288000000000000000e+03
-1.348000000000000000e+03
-1.592000000000000000e+03
-1.184000000000000000e+03
-8.740000000000000000e+02
-8.600000000000000000e+01
1.052000000000000000e+03
1.705000000000000000e+03
1.535000000000000000e+03
5.890000000000000000e+02
2.400000000000000000e+01
1.920000000000000000e+02
6.180000000000000000e+02
1.506000000000000000e+03
2.317000000000000000e+03
2.593000000000000000e+03
2.878000000000000000e+03
2.679000000000000000e+03
1.875000000000000000e+03
9.120000000000000000e+02
-3.620000000000000000e+02
-1.117000000000000000e+03
-1.005000000000000000e+03
-5.310000000000000000e+02
1.450000000000000000e+02
6.260000000000000000e+02
4.660000000000000000e+02
-2.160000000000000000e+02
-3.320000000000000000e+02
9.500000000000000000e+01
1.970000000000000000e+02
6.820000000000000000e+02
1.143000000000000000e+03
8.000000000000000000e+02
8.500000000000000000e+02
1.043000000000000000e+03
7.190000000000000000e+02
3.730000000000000000e+02
1.230000000000000000e+02
-2.240000000000000000e+02
-7.680000000000000000e+02
-6.810000000000000000e+02
-2.910000000000000000e+02
-5.200000000000000000e+02
-9.030000000000000000e+02
-1.182000000000000000e+03
-1.494000000000000000e+03
-1.629000000000000000e+03
-1.650000000000000000e+03
-1.901000000000000000e+03
-2.301000000000000000e+03
-2.350000000000000000e+03
-1.633000000000000000e+03
-9.540000000000000000e+02
-7.800000000000000000e+02
-2.070000000000000000e+02
4.300000000000000000e+01
-4.300000000000000000e+01
9.050000000000000000e+02
1.248000000000000000e+03
9.140000000000000000e+02
1.449000000000000000e+03
1.830000000000000000e+03
1.460000000000000000e+03
1.130000000000000000e+03
1.459000000000000000e+03
9.870000000000000000e+02
3.490000000000000000e+02
1.176000000000000000e+03
1.537000000000000000e+03
1.167000000000000000e+03
1.126000000000000000e+03
9.820000000000000000e+02
3.760000000000000000e+02
2.400000000000000000e+01
5.900000000000000000e+01
-5.410000000000000000e+02
-9.180000000000000000e+02
-8.370000000000000000e+02
-1.077000000000000000e+03
-8.270000000000000000e+02
-1.520000000000000000e+02
-3.500000000000000000e+02
-8.610000000000000000e+02
-4.550000000000000000e+02
2.240000000000000000e+02
3.970000000000000000e+02
8.730000000000000000e+02
1.212000000000000000e+03
7.900000000000000000e+02
8.280000000000000000e+02
5.040000000000000000e+02
-2.180000000000000000e+02
-2.860000000000000000e+02
-7.900000000000000000e+02
-1.689000000000000000e+03
-1.989000000000000000e+03
-1.808000000000000000e+03
-1.928000000000000000e+03
-1.829000000000000000e+03
-7.170000000000000000e+02
-4.000000000000000000e+00
6.600000000000000000e+01
2.360000000000000000e+02
7.800000000000000000e+01
-5.210000000000000000e+02
-1.203000000000000000e+03
-1.304000000000000000e+03
-8.290000000000000000e+02
-2.090000000000000000e+02
6.920000000000000000e+02
1.292000000000000000e+03
1.052000000000000000e+03
8.240000000000000000e+02
5.610000000000000000e+02
1.650000000000000000e+02
6.720000000000000000e+02
1.447000000000000000e+03
1.740000000000000000e+03
2.103000000000000000e+03
2.327000000000000000e+03
1.827000000000000000e+03
1.185000000000000000e+03
1.141000000000000000e+03
6.400000000000000000e+02
-2.070000000000000000e+02
2.600000000000000000e+02
1.146000000000000000e+03
1.322000000000000000e+03
1.271000000000000000e+03
9.210000000000000000e+02
-3.000000000000000000e+01
-1.072000000000000000e+03
-1.871000000000000000e+03
-2.175000000000000000e+03
-1.513000000000000000e+03
-7.050000000000000000e+02
-7.480000000000000000e+02
-5.550000000000000000e+02
3.200000000000000000e+01
-3.010000000000000000e+02
-1.176000000000000000e+03
-1.119000000000000000e+03
-8.420000000000000000e+02
-7.230000000000000000e+02
2.610000000000000000e+02
7.420000000000000000e+02
2.320000000000000000e+02
-2.390000000000000000e+02
-3.810000000000000000e+02
-8.450000000000000000e+02
-1.154000000000000000e+03
-1.084000000000000000e+03
-1.409000000000000000e+03
-1.321000000000000000e+03
-2.550000000000000000e+02
3.430000000000000000e+02
3.700000000000000000e+01
-2.160000000000000000e+02
-6.600000000000000000e+02
-1.641000000000000000e+03
-1.519000000000000000e+03
-5.170000000000000000e+02
-3.530000000000000000e+02
-2.570000000000000000e+02
4.530000000000000000e+02
9.000000000000000000e+02
9.260000000000000000e+02
1.033000000000000000e+03
8.940000000000000000e+02
7.150000000000000000e+02
1.031000000000000000e+03
9.850000000000000000e+02
9.660000000000000000e+02
1.738000000000000000e+03
2.433000000000000000e+03
2.396000000000000000e+03
2.449000000000000000e+03
2.858000000000000000e+03
2.316000000000000000e+03
1.503000000000000000e+03
1.552000000000000000e+03
5.890000000000000000e+02
-7.020000000000000000e+02
-9.470000000000000000e+02
-1.157000000000000000e+03
-1.132000000000000000e+03
-1.524000000000000000e+03
-1.985000000000000000e+03
-1.943000000000000000e+03
-1.691000000000000000e+03
-1.192000000000000000e+03
-1.303000000000000000e+03
-1.410000000000000000e+03
-1.015000000000000000e+03
-8.100000000000000000e+02
-3.130000000000000000e+02
4.030000000000000000e+02
1.660000000000000000e+02
-3.010000000000000000e+02
3.680000000000000000e+02
9.680000000000000000e+02
6.240000000000000000e+02
5.860000000000000000e+02
3.290000000000000000e+02
-2.530000000000000000e+02
-3.830000000000000000e+02
-5.920000000000000000e+02
-7.350000000000000000e+02
-7.370000000000000000e+02
-6.400000000000000000e+02
-6.520000000000000000e+02
-7.410000000000000000e+02
-9.350000000000000000e+02
-1.724000000000000000e+03
-2.157000000000000000e+03
-1.775000000000000000e+03
-1.146000000000000000e+03
5.500000000000000000e+01
9.370000000000000000e+02
1.748000000000000000e+03
2.651000000000000000e+03
2.590000000000000000e+03
1.701000000000000000e+03
3.970000000000000000e+02
-4.330000000000000000e+02
-1.690000000000000000e+02
9.890000000000000000e+02
2.977000000000000000e+03
4.024000000000000000e+03
3.272000000000000000e+03
2.264000000000000000e+03
1.169000000000000000e+03
-5.010000000000000000e+02
-1.580000000000000000e+03
-1.308000000000000000e+03
-7.460000000000000000e+02
-9.000000000000000000e+00
7.390000000000000000e+02
9.180000000000000000e+02
-4.500000000000000000e+01
-1.595000000000000000e+03
-2.653000000000000000e+03
-3.510000000000000000e+03
-3.236000000000000000e+03
-2.040000000000000000e+03
-1.247000000000000000e+03
9.500000000000000000e+01
1.223000000000000000e+03
1.119000000000000000e+03
3.460000000000000000e+02
4.200000000000000000e+01
-3.860000000000000000e+02
-9.940000000000000000e+02
-1.250000000000000000e+02
1.053000000000000000e+03
1.283000000000000000e+03
1.625000000000000000e+03
1.984000000000000000e+03
8.940000000000000000e+02
-8.130000000000000000e+02
-1.130000000000000000e+03
-7.750000000000000000e+02
-1.269000000000000000e+03
-1.029000000000000000e+03
-2.570000000000000000e+02
-6.570000000000000000e+02
-7.980000000000000000e+02
-5.520000000000000000e+02
-9.240000000000000000e+02
-1.395000000000000000e+03
-1.409000000000000000e+03
-8.730000000000000000e+02
1.480000000000000000e+02
1.078000000000000000e+03
1.238000000000000000e+03
1.347000000000000000e+03
1.646000000000000000e+03
1.927000000000000000e+03
2.180000000000000000e+03
1.984000000000000000e+03
1.517000000000000000e+03
1.235000000000000000e+03
1.064000000000000000e+03
1.429000000000000000e+03
1.491000000000000000e+03
1.221000000000000000e+03
9.850000000000000000e+02
6.820000000000000000e+02
5.560000000000000000e+02
-2.290000000000000000e+02
-1.025000000000000000e+03
-1.154000000000000000e+03
-1.188000000000000000e+03
-9.410000000000000000e+02
-6.550000000000000000e+02
-3.260000000000000000e+02
-3.880000000000000000e+02
-1.256000000000000000e+03
-1.926000000000000000e+03
-2.493000000000000000e+03
-2.498000000000000000e+03
-1.735000000000000000e+03
-6.110000000000000000e+02
1.000000000000000000e+03
1.948000000000000000e+03
1.321000000000000000e+03
-5.100000000000000000e+01
-8.810000000000000000e+02
-1.451000000000000000e+03
-1.491000000000000000e+03
-5.480000000000000000e+02
6.850000000000000000e+02
1.215000000000000000e+03
1.184000000000000000e+03
1.331000000000000000e+03
7.870000000000000000e+02
-8.450000000000000000e+02
-2.128000000000000000e+03
-2.044000000000000000e+03
-1.219000000000000000e+03
-3.840000000000000000e+02
4.570000000000000000e+02
7.320000000000000000e+02
3.800000000000000000e+01
-8.880000000000000000e+02
-1.518000000000000000e+03
-9.690000000000000000e+02
-1.610000000000000000e+02
-3.900000000000000000e+01
9.470000000000000000e+02
2.089000000000000000e+03
2.432000000000000000e+03
2.393000000000000000e+03
1.724000000000000000e+03
8.460000000000000000e+02
3.460000000000000000e+02
4.630000000000000000e+02
2.310000000000000000e+02
2.510000000000000000e+02
6.830000000000000000e+02
1.421000000000000000e+03
2.012000000000000000e+03
1.256000000000000000e+03
1.690000000000000000e+02
-1.356000000000000000e+03
-2.587000000000000000e+03
-2.054000000000000000e+03
3.330000000000000000e+02
3.236000000000000000e+03
4.756000000000000000e+03
5.529000000000000000e+03
5.428000000000000000e+03
9.410000000000000000e+02
-6.406000000000000000e+03
-8.953000000000000000e+03
-9.028000000000000000e+03
-4.716000000000000000e+03
2.492000000000000000e+03
-5.000000000000000000e+01
-3.870000000000000000e+03
-5.218000000000000000e+03
-9.720000000000000000e+02
-1.698000000000000000e+03
-9.558000000000000000e+03
-7.781000000000000000e+03
-4.429000000000000000e+03
7.568000000000000000e+03
1.197400000000000000e+04
9.559000000000000000e+03
2.125000000000000000e+03
-9.142000000000000000e+03
8.340000000000000000e+02
3.791000000000000000e+03
6.474000000000000000e+03
1.038500000000000000e+04
1.367400000000000000e+04
1.544500000000000000e+04
2.830000000000000000e+02
-2.743000000000000000e+03
-4.541000000000000000e+03
-4.265000000000000000e+03
5.200000000000000000e+01
-8.080000000000000000e+02
-4.390000000000000000e+02
-1.037500000000000000e+04
-1.150800000000000000e+04
-4.968000000000000000e+03
-2.480000000000000000e+02
-8.697000000000000000e+03
-1.404200000000000000e+04
-4.698000000000000000e+03
5.463000000000000000e+03
1.664400000000000000e+04
4.616000000000000000e+03
1.052000000000000000e+03
3.241000000000000000e+03
2.730000000000000000e+03
6.074000000000000000e+03
5.243000000000000000e+03
1.820000000000000000e+02
-1.101500000000000000e+04
4.881000000000000000e+03
1.385600000000000000e+04
8.969000000000000000e+03
3.180000000000000000e+02
-8.558000000000000000e+03
-3.119000000000000000e+03
-1.178600000000000000e+04
-1.331300000000000000e+04
-4.156000000000000000e+03
1.352000000000000000e+03
-1.740000000000000000e+03
-6.830000000000000000e+03
-5.700000000000000000e+01
-2.591000000000000000e+03
-6.939000000000000000e+03
-2.618000000000000000e+03
6.966000000000000000e+03
1.457900000000000000e+04
8.361000000000000000e+03
-4.110000000000000000e+02
3.976000000000000000e+03
3.324000000000000000e+03
-1.213000000000000000e+03
4.928000000000000000e+03
5.818000000000000000e+03
3.620000000000000000e+03
3.080000000000000000e+02
2.176000000000000000e+03
1.640000000000000000e+02
-1.143700000000000000e+04
-1.409100000000000000e+04
-9.853000000000000000e+03
2.443000000000000000e+03
2.828000000000000000e+03
-3.349000000000000000e+03
2.940000000000000000e+03
1.160000000000000000e+02
-5.007000000000000000e+03
-4.994000000000000000e+03
8.000000000000000000e+02
5.732000000000000000e+03
1.052000000000000000e+03
3.884000000000000000e+03
7.686000000000000000e+03
3.696000000000000000e+03
1.095000000000000000e+03
-1.808000000000000000e+03
-2.482000000000000000e+03
-3.035000000000000000e+03
-2.850000000000000000e+03
3.249000000000000000e+03
8.618000000000000000e+03
2.171000000000000000e+03
-3.700000000000000000e+03
9.700000000000000000e+02
1.367000000000000000e+03
-5.398000000000000000e+03
-9.521000000000000000e+03
4.644000000000000000e+03
1.038400000000000000e+04
6.139000000000000000e+03
2.523000000000000000e+03
-1.506000000000000000e+03
-8.770000000000000000e+02
-7.412000000000000000e+03
-1.082000000000000000e+03
1.678000000000000000e+03
7.420000000000000000e+03
6.914000000000000000e+03
-4.370000000000000000e+02
7.323000000000000000e+03
-1.434000000000000000e+03
-1.004000000000000000e+03
-7.173000000000000000e+03
-4.099000000000000000e+03
1.272900000000000000e+04
7.442000000000000000e+03
6.871000000000000000e+03
8.499000000000000000e+03
-4.640000000000000000e+03
-1.559600000000000000e+04
-6.925000000000000000e+03
-8.654000000000000000e+03
-1.118100000000000000e+04
-5.875000000000000000e+03
-3.090000000000000000e+03
-1.062500000000000000e+04
-1.231200000000000000e+04
-5.215000000000000000e+03
-8.753000000000000000e+03
-7.244000000000000000e+03
-9.095000000000000000e+03
2.614000000000000000e+03
1.425400000000000000e+04
2.161000000000000000e+03
2.595000000000000000e+03
6.210000000000000000e+02
8.700000000000000000e+02
9.316000000000000000e+03
8.320000000000000000e+03
1.238700000000000000e+04
6.437000000000000000e+03
7.751000000000000000e+03
5.257000000000000000e+03
-3.513000000000000000e+03
7.059000000000000000e+03
2.046000000000000000e+03
-7.605000000000000000e+03
-1.677000000000000000e+03
-3.077000000000000000e+03
-1.031300000000000000e+04
-1.110800000000000000e+04
-1.408000000000000000e+04
-8.867000000000000000e+03
8.575000000000000000e+03
7.630000000000000000e+02
-2.253000000000000000e+03
5.826000000000000000e+03
-1.690000000000000000e+02
7.770000000000000000e+02
7.527000000000000000e+03
1.029200000000000000e+04
3.591000000000000000e+03
1.153000000000000000e+04
1.813700000000000000e+04
1.600000000000000000e+01
-9.892000000000000000e+03
-1.112100000000000000e+04
-1.024600000000000000e+04
-4.168000000000000000e+03
4.679000000000000000e+03
5.007000000000000000e+03
1.206700000000000000e+04
2.151700000000000000e+04
1.262500000000000000e+04
6.300000000000000000e+02
5.247000000000000000e+03
1.382000000000000000e+04
6.330000000000000000e+03
-2.830000000000000000e+02
6.584000000000000000e+03
1.766700000000000000e+04
1.869000000000000000e+03
-1.014200000000000000e+04
3.726000000000000000e+03
-1.275000000000000000e+03
-1.764700000000000000e+04
-1.026900000000000000e+04
2.071000000000000000e+03
-5.682000000000000000e+03
-1.179200000000000000e+04
-1.037900000000000000e+04
-1.168300000000000000e+04
-1.657600000000000000e+04
-1.529900000000000000e+04
-1.167000000000000000e+04
-2.190000000000000000e+03
-1.733000000000000000e+03
-1.225500000000000000e+04
-5.418000000000000000e+03
-2.891000000000000000e+03
-5.913000000000000000e+03
-1.020800000000000000e+04
-2.250000000000000000e+03
4.018000000000000000e+03
2.923000000000000000e+03
3.621000000000000000e+03
-4.803000000000000000e+03
2.239000000000000000e+03
-9.451000000000000000e+03
-1.337800000000000000e+04
3.165000000000000000e+03
4.597000000000000000e+03
1.595000000000000000e+03
2.043000000000000000e+03
4.292000000000000000e+03
2.263000000000000000e+03
3.003000000000000000e+03
6.430000000000000000e+02
3.458000000000000000e+03
7.164000000000000000e+03
6.032000000000000000e+03
9.725000000000000000e+03
1.561900000000000000e+04
1.026500000000000000e+04
-3.216000000000000000e+03
3.680000000000000000e+03
6.544000000000000000e+03
-1.555000000000000000e+03
-2.257000000000000000e+03
-2.000000000000000000e+00
-1.961000000000000000e+03
-4.233000000000000000e+03
-9.867000000000000000e+03
-9.910000000000000000e+03
1.140900000000000000e+04
1.096600000000000000e+04
-5.688000000000000000e+03
2.498000000000000000e+03
1.801800000000000000e+04
1.740900000000000000e+04
1.125100000000000000e+04
9.362000000000000000e+03
-1.038100000000000000e+04
-1.152200000000000000e+04
1.334200000000000000e+04
1.394600000000000000e+04
7.071000000000000000e+03
3.441000000000000000e+03
4.372000000000000000e+03
1.181200000000000000e+04
1.215200000000000000e+04
-5.600000000000000000e+02
-5.970000000000000000e+02
7.714000000000000000e+03
6.070000000000000000e+02
6.561000000000000000e+03
4.951000000000000000e+03
2.795000000000000000e+03
4.540000000000000000e+02
-9.875000000000000000e+03
-2.368200000000000000e+04
-2.938600000000000000e+04
-9.985000000000000000e+03
-2.054000000000000000e+04
-2.428600000000000000e+04
-1.200700000000000000e+04
-1.571400000000000000e+04
-1.648200000000000000e+04
-1.275200000000000000e+04
4.530000000000000000e+02
-6.519000000000000000e+03
-5.438000000000000000e+03
5.043000000000000000e+03
4.956000000000000000e+03
1.122700000000000000e+04
8.486000000000000000e+03
7.793000000000000000e+03
6.671000000000000000e+03
-8.970000000000000000e+02
-7.288000000000000000e+03
2.414000000000000000e+03
7.742000000000000000e+03
-9.504000000000000000e+03
-1.620600000000000000e+04
-5.654000000000000000e+03
-1.424000000000000000e+03
-1.227700000000000000e+04
-1.083600000000000000e+04
4.141000000000000000e+03
3.507000000000000000e+03
7.020000000000000000e+03
1.409000000000000000e+04
6.733000000000000000e+03
4.158000000000000000e+03
4.112000000000000000e+03
7.256000000000000000e+03
1.276000000000000000e+04
1.737100000000000000e+04
9.644000000000000000e+03
-4.610000000000000000e+02
1.610000000000000000e+04
1.173700000000000000e+04
-1.059400000000000000e+04
-4.922000000000000000e+03
1.154000000000000000e+04
-1.890000000000000000e+02
-7.408000000000000000e+03
1.515600000000000000e+04
1.076600000000000000e+04
-6.099000000000000000e+03
-1.077200000000000000e+04
-8.193000000000000000e+03
9.596000000000000000e+03
1.186600000000000000e+04
1.630000000000000000e+03
-2.265000000000000000e+03
-6.187000000000000000e+03
-8.048000000000000000e+03
6.677000000000000000e+03
1.163300000000000000e+04
2.996000000000000000e+03
4.003000000000000000e+03
-1.301000000000000000e+03
-1.267000000000000000e+03
1.218100000000000000e+04
1.636300000000000000e+04
-1.654700000000000000e+04
-2.488800000000000000e+04
4.875000000000000000e+03
6.879000000000000000e+03
6.090000000000000000e+02
-1.491400000000000000e+04
-2.640000000000000000e+04
-1.695400000000000000e+04
2.276000000000000000e+03
7.575000000000000000e+03
-1.055000000000000000e+04
-1.836100000000000000e+04
-1.742100000000000000e+04
-2.363000000000000000e+03
3.970000000000000000e+02
-1.020000000000000000e+02
1.217000000000000000e+04
6.003000000000000000e+03
-7.594000000000000000e+03
-5.131000000000000000e+03
1.250200000000000000e+04
6.900000000000000000e+01
-8.429000000000000000e+03
2.692000000000000000e+03
1.242000000000000000e+04
2.111300000000000000e+04
5.111000000000000000e+03
-1.521000000000000000e+03
-6.029000000000000000e+03
-7.538000000000000000e+03
5.924000000000000000e+03
7.669000000000000000e+03
6.040000000000000000e+02
7.460000000000000000e+02
-9.060000000000000000e+02
-7.035000000000000000e+03
-1.086100000000000000e+04
-3.673000000000000000e+03
1.884000000000000000e+03
-1.032500000000000000e+04
-1.171000000000000000e+03
1.041500000000000000e+04
4.078000000000000000e+03
-1.383700000000000000e+04
-6.051000000000000000e+03
1.610600000000000000e+04
7.918000000000000000e+03
7.363000000000000000e+03
1.275800000000000000e+04
1.085800000000000000e+04
5.582000000000000000e+03
-3.420000000000000000e+02
-4.633000000000000000e+03
4.665000000000000000e+03
1.028800000000000000e+04
-1.878000000000000000e+03
-3.930000000000000000e+02
-1.430000000000000000e+02
-3.887000000000000000e+03
-5.307000000000000000e+03
-3.436000000000000000e+03
-7.161000000000000000e+03
-1.134400000000000000e+04
-7.950000000000000000e+02
6.180000000000000000e+03
3.102000000000000000e+03
6.700000000000000000e+01
-3.819000000000000000e+03
-8.164000000000000000e+03
-2.993000000000000000e+03
4.154000000000000000e+03
-5.600000000000000000e+01
-7.667000000000000000e+03
5.140000000000000000e+02
5.444000000000000000e+03
-5.102000000000000000e+03
-7.453000000000000000e+03
7.056000000000000000e+03
1.263900000000000000e+04
9.620000000000000000e+02
-3.565000000000000000e+03
-7.948000000000000000e+03
9.560000000000000000e+02
8.791000000000000000e+03
-3.627000000000000000e+03
-1.645100000000000000e+04
-4.465000000000000000e+03
1.314900000000000000e+04
-1.719000000000000000e+03
-1.165200000000000000e+04
-7.324000000000000000e+03
1.706000000000000000e+03
4.872000000000000000e+03
-3.629000000000000000e+03
-2.571000000000000000e+03
4.359000000000000000e+03
1.435000000000000000e+04
1.289000000000000000e+04
2.261000000000000000e+03
-6.973000000000000000e+03
8.791000000000000000e+03
1.661400000000000000e+04
-1.034500000000000000e+04
-5.679000000000000000e+03
1.354300000000000000e+04
6.316000000000000000e+03
-1.015100000000000000e+04
-3.600000000000000000e+02
6.699000000000000000e+03
-9.120000000000000000e+03
1.559000000000000000e+03
5.854000000000000000e+03
-3.112000000000000000e+03
-6.363000000000000000e+03
4.876000000000000000e+03
1.664700000000000000e+04
-1.850000000000000000e+02
-1.632500000000000000e+04
-9.508000000000000000e+03
1.186000000000000000e+04
1.481600000000000000e+04
9.800000000000000000e+01
-4.445000000000000000e+03
-1.143000000000000000e+03
-9.710000000000000000e+03
-1.499600000000000000e+04
-3.155000000000000000e+03
1.645000000000000000e+04
2.272100000000000000e+04
-7.659000000000000000e+03
-2.375500000000000000e+04
-3.749000000000000000e+03
7.602000000000000000e+03
-6.445000000000000000e+03
-1.508000000000000000e+04
-1.020000000000000000e+02
1.005500000000000000e+04
2.842000000000000000e+03
-9.743000000000000000e+03
-2.180600000000000000e+04
-1.143300000000000000e+04
6.149000000000000000e+03
-8.640000000000000000e+03
-9.056000000000000000e+03
2.181500000000000000e+04
1.984500000000000000e+04
-2.153300000000000000e+04
-3.007000000000000000e+04
1.630000000000000000e+03
1.437100000000000000e+04
5.610000000000000000e+03
1.520000000000000000e+03
8.277000000000000000e+03
4.088000000000000000e+03
-1.015800000000000000e+04
-4.594000000000000000e+03
1.381800000000000000e+04
1.168300000000000000e+04
-3.604000000000000000e+03
-1.114000000000000000e+03
1.218300000000000000e+04
1.173200000000000000e+04
1.790000000000000000e+02
1.904000000000000000e+03
2.243000000000000000e+03
-6.712000000000000000e+03
-5.675000000000000000e+03
-1.507000000000000000e+03
7.672000000000000000e+03
4.242000000000000000e+03
-4.408000000000000000e+03
-5.057000000000000000e+03
-4.000000000000000000e+00
1.300000000000000000e+04
7.067000000000000000e+03
3.110000000000000000e+02
-7.419000000000000000e+03
1.390000000000000000e+02
1.709100000000000000e+04
6.061000000000000000e+03
-1.059000000000000000e+03
-3.262000000000000000e+03
-3.000000000000000000e+01
-2.030000000000000000e+03
-5.355000000000000000e+03
5.660000000000000000e+03
9.773000000000000000e+03
-2.572000000000000000e+03
-1.390900000000000000e+04
-3.024000000000000000e+03
8.188000000000000000e+03
-2.941000000000000000e+03
-1.313300000000000000e+04
-1.538000000000000000e+03
-3.320000000000000000e+02
-9.845000000000000000e+03
-4.605000000000000000e+03
9.422000000000000000e+03
1.268200000000000000e+04
-1.988000000000000000e+03
-6.452000000000000000e+03
1.530000000000000000e+02
2.714000000000000000e+03
-8.566000000000000000e+03
-1.346300000000000000e+04
6.470000000000000000e+03
2.136700000000000000e+04
3.280000000000000000e+03
-2.288300000000000000e+04
-1.394600000000000000e+04
-3.588000000000000000e+03
-3.160000000000000000e+03
6.740000000000000000e+03
1.223500000000000000e+04
1.084300000000000000e+04
-2.270000000000000000e+02
-6.237000000000000000e+03
-9.999000000000000000e+03
-1.345100000000000000e+04
-1.177500000000000000e+04
-1.151000000000000000e+03
1.160900000000000000e+04
1.111700000000000000e+04
9.410000000000000000e+03
3.129000000000000000e+03
-6.421000000000000000e+03
-1.307900000000000000e+04
-7.198000000000000000e+03
1.089900000000000000e+04
8.750000000000000000e+03
7.248000000000000000e+03
7.927000000000000000e+03
-1.651000000000000000e+03
-6.652000000000000000e+03
-4.429000000000000000e+03
-3.332000000000000000e+03
-4.844000000000000000e+03
9.013000000000000000e+03
7.563000000000000000e+03
-1.534000000000000000e+03
8.047000000000000000e+03
9.947000000000000000e+03
-5.087000000000000000e+03
-1.475000000000000000e+04
-9.755000000000000000e+03
5.531000000000000000e+03
1.343600000000000000e+04
-3.972000000000000000e+03
-9.699000000000000000e+03
2.230000000000000000e+02
3.824000000000000000e+03
-4.750000000000000000e+02
-7.142000000000000000e+03
-1.127800000000000000e+04
-6.528000000000000000e+03
9.007000000000000000e+03
6.154000000000000000e+03
-4.286000000000000000e+03
-2.157000000000000000e+03
-3.031000000000000000e+03
-8.047000000000000000e+03
-1.169000000000000000e+03
1.017300000000000000e+04
8.546000000000000000e+03
4.390000000000000000e+03
6.906000000000000000e+03
1.136200000000000000e+04
6.213000000000000000e+03
-1.694000000000000000e+03
-2.443000000000000000e+03
-9.197000000000000000e+03
-7.515000000000000000e+03
5.476000000000000000e+03
8.457000000000000000e+03
3.565000000000000000e+03
-6.760000000000000000e+03
-9.983000000000000000e+03
-1.702000000000000000e+03
1.014500000000000000e+04
1.547300000000000000e+04
1.007700000000000000e+04
8.493000000000000000e+03
8.578000000000000000e+03
6.398000000000000000e+03
-6.340000000000000000e+02
-7.184000000000000000e+03
-4.647000000000000000e+03
-5.270000000000000000e+03
-2.500000000000000000e+01
9.405000000000000000e+03
6.184000000000000000e+03
-4.489000000000000000e+03
-7.452000000000000000e+03
-9.303000000000000000e+03
-2.189200000000000000e+04
-6.832000000000000000e+03
1.715000000000000000e+04
3.344000000000000000e+03
-5.738000000000000000e+03
2.887000000000000000e+03
4.207000000000000000e+03
-1.088900000000000000e+04
-2.855800000000000000e+04
-1.749400000000000000e+04
9.144000000000000000e+03
1.348300000000000000e+04
-5.652000000000000000e+03
-3.040000000000000000e+02
1.384800000000000000e+04
-8.943000000000000000e+03
-2.113700000000000000e+04
-9.269000000000000000e+03
-4.518000000000000000e+03
4.537000000000000000e+03
1.350000000000000000e+04
7.953000000000000000e+03
-9.310000000000000000e+02
-1.008500000000000000e+04
-1.523300000000000000e+04
-1.101800000000000000e+04
-1.630000000000000000e+02
8.117000000000000000e+03
1.319500000000000000e+04
9.452000000000000000e+03
-5.995000000000000000e+03
-5.808000000000000000e+03
3.575000000000000000e+03
1.353000000000000000e+03
2.950000000000000000e+02
7.856000000000000000e+03
1.278300000000000000e+04
1.177900000000000000e+04
7.045000000000000000e+03
1.610000000000000000e+02
-3.979000000000000000e+03
-8.064000000000000000e+03
-3.716000000000000000e+03
7.760000000000000000e+03
5.061000000000000000e+03
-3.228000000000000000e+03
2.930000000000000000e+02
5.267000000000000000e+03
1.114000000000000000e+03
-7.105000000000000000e+03
4.300000000000000000e+02
1.302500000000000000e+04
1.343000000000000000e+04
7.092000000000000000e+03
4.695000000000000000e+03
4.460000000000000000e+03
-3.330000000000000000e+03
-9.760000000000000000e+03
-4.058000000000000000e+03
1.614000000000000000e+03
3.805000000000000000e+03
8.386000000000000000e+03
8.213000000000000000e+03
-2.730000000000000000e+03
-8.811000000000000000e+03
1.800000000000000000e+01
2.232000000000000000e+03
-2.255000000000000000e+03
1.285000000000000000e+03
3.774000000000000000e+03
9.530000000000000000e+02
1.138000000000000000e+03
-2.363000000000000000e+03
-9.653000000000000000e+03
-7.324000000000000000e+03
-1.759000000000000000e+03
-1.276000000000000000e+03
2.982000000000000000e+03
-1.249000000000000000e+03
-9.284000000000000000e+03
-4.894000000000000000e+03
-3.422000000000000000e+03
-6.441000000000000000e+03
-5.791000000000000000e+03
2.853000000000000000e+03
5.123000000000000000e+03
-9.090000000000000000e+02
-1.168000000000000000e+03
1.702000000000000000e+03
3.400000000000000000e+01
-1.194300000000000000e+04
-9.162000000000000000e+03
5.195000000000000000e+03
3.433000000000000000e+03
-6.755000000000000000e+03
-8.748000000000000000e+03
-2.321000000000000000e+03
-7.660000000000000000e+02
-2.634000000000000000e+03
-1.038000000000000000e+03
6.361000000000000000e+03
4.330000000000000000e+03
-3.176000000000000000e+03
-2.533000000000000000e+03
-8.270000000000000000e+02
3.590000000000000000e+03
1.985000000000000000e+03
-2.600000000000000000e+02
2.547000000000000000e+03
2.659000000000000000e+03
-1.171000000000000000e+03
7.680000000000000000e+02
7.792000000000000000e+03
2.776000000000000000e+03
-2.430000000000000000e+03
7.245000000000000000e+03
1.232200000000000000e+04
1.261000000000000000e+03
-1.965000000000000000e+03
3.227000000000000000e+03
3.795000000000000000e+03
6.800000000000000000e+02
-1.599000000000000000e+03
9.180000000000000000e+02
3.258000000000000000e+03
1.675000000000000000e+03
-3.287000000000000000e+03
-1.421000000000000000e+03
4.115000000000000000e+03
2.155000000000000000e+03
-1.930000000000000000e+03
2.011000000000000000e+03
4.008000000000000000e+03
-4.448000000000000000e+03
-1.432000000000000000e+03
2.664000000000000000e+03
-5.218000000000000000e+03
-4.043000000000000000e+03
1.764000000000000000e+03
3.397000000000000000e+03
-2.019000000000000000e+03
-4.034000000000000000e+03
1.041000000000000000e+03
2.427000000000000000e+03
1.662000000000000000e+03
-2.533000000000000000e+03
1.849000000000000000e+03
6.064000000000000000e+03
-3.323000000000000000e+03
-4.550000000000000000e+03
2.875000000000000000e+03
3.088000000000000000e+03
-6.410000000000000000e+03
-7.603000000000000000e+03
3.118000000000000000e+03
5.020000000000000000e+03
-7.670000000000000000e+02
-2.784000000000000000e+03
-1.351000000000000000e+03
-1.888000000000000000e+03
-2.883000000000000000e+03
-8.540000000000000000e+02
9.980000000000000000e+02
6.430000000000000000e+02
-1.644000000000000000e+03
-2.322000000000000000e+03
3.191000000000000000e+03
3.561000000000000000e+03
-3.508000000000000000e+03
-4.761000000000000000e+03
-9.670000000000000000e+02
1.061000000000000000e+03
-3.780000000000000000e+02
3.770000000000000000e+02
-2.217000000000000000e+03
-4.873000000000000000e+03
-2.402000000000000000e+03
4.700000000000000000e+01
5.615000000000000000e+03
2.712000000000000000e+03
-4.208000000000000000e+03
-5.683000000000000000e+03
-5.686000000000000000e+03
-2.703000000000000000e+03
8.580000000000000000e+02
9.390000000000000000e+02
-9.740000000000000000e+02
2.246000000000000000e+03
3.405000000000000000e+03
3.447000000000000000e+03
6.833000000000000000e+03
4.869000000000000000e+03
1.715000000000000000e+03
1.382000000000000000e+03
1.598000000000000000e+03
2.282000000000000000e+03
3.510000000000000000e+03
3.960000000000000000e+02
-4.307000000000000000e+03
-2.977000000000000000e+03
-4.440000000000000000e+02
1.061000000000000000e+03
1.041000000000000000e+03
-4.030000000000000000e+02
-7.210000000000000000e+02
-1.740000000000000000e+03
-5.220000000000000000e+02
2.994000000000000000e+03
2.736000000000000000e+03
-6.500000000000000000e+01
7.100000000000000000e+01
-3.350000000000000000e+02
5.110000000000000000e+02
1.044000000000000000e+03
-3.601000000000000000e+03
-9.970000000000000000e+02
1.574000000000000000e+03
-1.770000000000000000e+03
-1.309000000000000000e+03
3.661000000000000000e+03
3.592000000000000000e+03
-1.436000000000000000e+03
3.772000000000000000e+03
2.859000000000000000e+03
-1.525000000000000000e+03
2.122000000000000000e+03
2.168000000000000000e+03
-4.490000000000000000e+02
-3.194000000000000000e+03
-2.041000000000000000e+03
-1.177000000000000000e+03
1.435000000000000000e+03
2.880000000000000000e+02
-3.638000000000000000e+03
-1.380000000000000000e+03
-2.029000000000000000e+03
-1.481000000000000000e+03
-2.594000000000000000e+03
-2.439000000000000000e+03
1.099000000000000000e+03
2.816000000000000000e+03
1.000000000000000000e+00
-5.519000000000000000e+03
2.020000000000000000e+02
4.718000000000000000e+03
-6.290000000000000000e+02
-2.545000000000000000e+03
-2.388000000000000000e+03
-7.520000000000000000e+02
-2.845000000000000000e+03
-3.593000000000000000e+03
5.040000000000000000e+02
-2.244000000000000000e+03
-1.766000000000000000e+03
6.750000000000000000e+02
9.500000000000000000e+02
3.526000000000000000e+03
5.195000000000000000e+03
3.114000000000000000e+03
-3.728000000000000000e+03
-2.206000000000000000e+03
3.228000000000000000e+03
3.780000000000000000e+02
-2.145000000000000000e+03
-2.475000000000000000e+03
-1.110000000000000000e+03
-1.510000000000000000e+02
-8.460000000000000000e+02
-1.328000000000000000e+03
-1.930000000000000000e+02
1.679000000000000000e+03
5.479000000000000000e+03
6.948000000000000000e+03
5.605000000000000000e+03
5.566000000000000000e+03
1.497000000000000000e+03
-3.025000000000000000e+03
-2.206000000000000000e+03
2.292000000000000000e+03
8.180000000000000000e+02
-3.148000000000000000e+03
-2.576000000000000000e+03
-2.013000000000000000e+03
2.370000000000000000e+02
2.200000000000000000e+02
-2.381000000000000000e+03
-1.000000000000000000e+03
1.600000000000000000e+01
-1.572000000000000000e+03
2.476000000000000000e+03
4.557000000000000000e+03
1.804000000000000000e+03
-5.940000000000000000e+02
-1.363000000000000000e+03
-1.017000000000000000e+03
-2.063000000000000000e+03
4.195000000000000000e+03
4.540000000000000000e+03
-2.240000000000000000e+03
-3.183000000000000000e+03
-3.111000000000000000e+03
-2.599000000000000000e+03
-3.055000000000000000e+03
1.508000000000000000e+03
1.127000000000000000e+03
-2.470000000000000000e+02
4.596000000000000000e+03
-4.030000000000000000e+02
-2.714000000000000000e+03
4.930000000000000000e+02
2.120000000000000000e+02
-2.701000000000000000e+03
-3.449000000000000000e+03
-2.649000000000000000e+03
-5.094000000000000000e+03
-3.166000000000000000e+03
2.900000000000000000e+01
-2.122000000000000000e+03
-5.203000000000000000e+03
-1.490000000000000000e+02
4.193000000000000000e+03
1.174000000000000000e+03
1.440000000000000000e+02
4.304000000000000000e+03
6.870000000000000000e+03
8.490000000000000000e+02
-2.147000000000000000e+03
9.540000000000000000e+02
5.930000000000000000e+02
-3.177000000000000000e+03
-2.216000000000000000e+03
3.312000000000000000e+03
2.339000000000000000e+03
-1.716000000000000000e+03
-1.510000000000000000e+03
-7.480000000000000000e+02
-3.900000000000000000e+01
2.299000000000000000e+03
7.230000000000000000e+03
6.700000000000000000e+03
1.256000000000000000e+03
7.870000000000000000e+02
-1.700000000000000000e+01
-3.450000000000000000e+02
-5.029000000000000000e+03
-7.387000000000000000e+03
-1.721000000000000000e+03
2.039000000000000000e+03
4.880000000000000000e+02
-4.424000000000000000e+03
-4.890000000000000000e+02
2.830000000000000000e+03
7.640000000000000000e+02
-1.400000000000000000e+02
5.900000000000000000e+01
4.540000000000000000e+03
5.763000000000000000e+03
2.217000000000000000e+03
2.902000000000000000e+03
-1.680000000000000000e+02
-5.173000000000000000e+03
-2.089000000000000000e+03
-1.575000000000000000e+03
5.290000000000000000e+02
-1.408000000000000000e+03
-2.943000000000000000e+03
1.296000000000000000e+03
1.654000000000000000e+03
3.331000000000000000e+03
-5.100000000000000000e+02
-3.530000000000000000e+02
3.152000000000000000e+03
4.151000000000000000e+03
6.353000000000000000e+03
1.263000000000000000e+03
-7.480000000000000000e+02
-2.501000000000000000e+03
-7.697000000000000000e+03
-8.084000000000000000e+03
-4.467000000000000000e+03
-1.381000000000000000e+03
-4.504000000000000000e+03
-6.168000000000000000e+03
-4.071000000000000000e+03
-2.260000000000000000e+03
-2.392000000000000000e+03
8.390000000000000000e+02
1.516000000000000000e+03
7.220000000000000000e+02
1.792000000000000000e+03
1.571000000000000000e+03
4.771000000000000000e+03
3.109000000000000000e+03
2.852000000000000000e+03
6.530000000000000000e+02
-5.185000000000000000e+03
-6.340000000000000000e+02
3.012000000000000000e+03
3.140000000000000000e+03
3.900000000000000000e+03
4.313000000000000000e+03
-7.350000000000000000e+02
-1.960000000000000000e+02
7.042000000000000000e+03
4.866000000000000000e+03
1.573000000000000000e+03
4.080000000000000000e+02
1.431000000000000000e+03
-9.560000000000000000e+02
-2.662000000000000000e+03
-2.856000000000000000e+03
-4.818000000000000000e+03
-3.220000000000000000e+03
-4.284000000000000000e+03
-2.579000000000000000e+03
-4.570000000000000000e+03
-5.398000000000000000e+03
-1.814000000000000000e+03
-3.389000000000000000e+03
-5.380000000000000000e+02
4.651000000000000000e+03
7.066000000000000000e+03
3.980000000000000000e+03
1.676000000000000000e+03
6.619000000000000000e+03
5.600000000000000000e+03
3.766000000000000000e+03
5.811000000000000000e+03
6.566000000000000000e+03
5.292000000000000000e+03
1.800000000000000000e+01
-9.660000000000000000e+02
-8.730000000000000000e+02
9.910000000000000000e+02
-1.592000000000000000e+03
-7.520000000000000000e+03
-7.187000000000000000e+03
-6.342000000000000000e+03
-3.983000000000000000e+03
-5.035000000000000000e+03
-6.636000000000000000e+03
-6.205000000000000000e+03
-3.835000000000000000e+03
-2.551000000000000000e+03
-1.715000000000000000e+03
-1.070000000000000000e+02
6.260000000000000000e+02
-3.340000000000000000e+02
-1.000000000000000000e+03
3.587000000000000000e+03
1.943000000000000000e+03
1.004000000000000000e+03
2.151000000000000000e+03
2.160000000000000000e+03
1.892000000000000000e+03
-1.320000000000000000e+02
3.672000000000000000e+03
3.621000000000000000e+03
2.333000000000000000e+03
2.456000000000000000e+03
1.421000000000000000e+03
2.551000000000000000e+03
7.800000000000000000e+02
-1.783000000000000000e+03
-3.590000000000000000e+02
-1.203000000000000000e+03
-3.477000000000000000e+03
-4.332000000000000000e+03
-3.390000000000000000e+03
-4.440000000000000000e+02
-2.796000000000000000e+03
-3.175000000000000000e+03
-1.291000000000000000e+03
2.055000000000000000e+03
2.469000000000000000e+03
1.670000000000000000e+02
3.503000000000000000e+03
4.090000000000000000e+03
3.826000000000000000e+03
3.358000000000000000e+03
3.059000000000000000e+03
3.272000000000000000e+03
4.118000000000000000e+03
3.001000000000000000e+03
-3.250000000000000000e+02
2.323000000000000000e+03
5.521000000000000000e+03
3.019000000000000000e+03
-1.572000000000000000e+03
-2.064000000000000000e+03
-1.762000000000000000e+03
-6.790000000000000000e+02
4.640000000000000000e+02
-3.061000000000000000e+03
-4.792000000000000000e+03
-3.937000000000000000e+03
-2.264000000000000000e+03
-3.145000000000000000e+03
-2.088000000000000000e+03
1.624000000000000000e+03
-2.345000000000000000e+03
-1.853000000000000000e+03
6.610000000000000000e+02
-4.620000000000000000e+02
-2.884000000000000000e+03
-4.421000000000000000e+03
-2.850000000000000000e+03
-4.329000000000000000e+03
2.064000000000000000e+03
1.500000000000000000e+03
-2.703000000000000000e+03
5.510000000000000000e+02
-5.190000000000000000e+02
6.490000000000000000e+02
-3.830000000000000000e+02
2.120000000000000000e+03
5.061000000000000000e+03
5.719000000000000000e+03
4.598000000000000000e+03
1.137000000000000000e+03
2.596000000000000000e+03
-1.900000000000000000e+01
-3.399000000000000000e+03
-4.718000000000000000e+03
-3.764000000000000000e+03
-4.458000000000000000e+03
-5.029000000000000000e+03
-2.373000000000000000e+03
-1.294000000000000000e+03
1.541000000000000000e+03
1.037000000000000000e+03
2.068000000000000000e+03
2.520000000000000000e+03
4.050000000000000000e+02
7.800000000000000000e+02
1.689000000000000000e+03
2.656000000000000000e+03
-4.250000000000000000e+02
-9.920000000000000000e+02
-4.280000000000000000e+02
2.150000000000000000e+02
1.600000000000000000e+01
-1.117000000000000000e+03
4.273000000000000000e+03
5.913000000000000000e+03
2.805000000000000000e+03
2.883000000000000000e+03
6.345000000000000000e+03
7.046000000000000000e+03
3.359000000000000000e+03
2.024000000000000000e+03
-1.111000000000000000e+03
-4.840000000000000000e+03
-4.049000000000000000e+03
-2.765000000000000000e+03
-4.382000000000000000e+03
-8.113000000000000000e+03
-5.738000000000000000e+03
-1.449000000000000000e+03
-1.812000000000000000e+03
-2.001000000000000000e+03
-1.847000000000000000e+03
6.480000000000000000e+02
1.649000000000000000e+03
-6.410000000000000000e+02
-1.087000000000000000e+03
1.740000000000000000e+03
3.169000000000000000e+03
-5.220000000000000000e+02
-6.300000000000000000e+02
3.706000000000000000e+03
3.593000000000000000e+03
-2.630000000000000000e+02
1.711000000000000000e+03
5.040000000000000000e+03
3.988000000000000000e+03
3.043000000000000000e+03
2.314000000000000000e+03
1.671000000000000000e+03
-1.083000000000000000e+03
-5.780000000000000000e+02
-7.120000000000000000e+02
-4.218000000000000000e+03
-4.324000000000000000e+03
-2.442000000000000000e+03
-2.150000000000000000e+02
-1.837000000000000000e+03
-2.081000000000000000e+03
-2.892000000000000000e+03
-2.048000000000000000e+03
-3.710000000000000000e+02
-3.969000000000000000e+03
-4.022000000000000000e+03
-7.460000000000000000e+02
3.012000000000000000e+03
6.470000000000000000e+02
-6.700000000000000000e+02
1.247000000000000000e+03
6.390000000000000000e+02
4.000000000000000000e+00
9.000000000000000000e+02
5.930000000000000000e+03
7.845000000000000000e+03
5.477000000000000000e+03
3.181000000000000000e+03
4.280000000000000000e+03
9.610000000000000000e+02
-4.947000000000000000e+03
-7.234000000000000000e+03
-8.687000000000000000e+03
-6.270000000000000000e+03
-2.066000000000000000e+03
8.920000000000000000e+02
-1.566000000000000000e+03
-1.660000000000000000e+03
1.420000000000000000e+02
-2.419000000000000000e+03
-1.209000000000000000e+03
2.760000000000000000e+03
3.122000000000000000e+03
3.620000000000000000e+02
-1.064000000000000000e+03
1.116000000000000000e+03
1.831000000000000000e+03
-2.389000000000000000e+03
-5.971000000000000000e+03
-5.624000000000000000e+03
-8.770000000000000000e+02
4.596000000000000000e+03
7.809000000000000000e+03
7.580000000000000000e+03
5.946000000000000000e+03
5.256000000000000000e+03
3.512000000000000000e+03
2.657000000000000000e+03
4.116000000000000000e+03
3.711000000000000000e+03
-2.700000000000000000e+01
-9.300000000000000000e+01
-9.290000000000000000e+02
-3.532000000000000000e+03
-6.487000000000000000e+03
-8.142000000000000000e+03
-4.554000000000000000e+03
-3.383000000000000000e+03
-8.590000000000000000e+02
1.635000000000000000e+03
3.662000000000000000e+03
3.954000000000000000e+03
1.480000000000000000e+02
-1.925000000000000000e+03
-2.494000000000000000e+03
7.420000000000000000e+02
1.702000000000000000e+03
2.064000000000000000e+03
1.865000000000000000e+03
6.390000000000000000e+02
-3.510000000000000000e+02
-1.639000000000000000e+03
6.100000000000000000e+02
6.210000000000000000e+02
1.261000000000000000e+03
3.320000000000000000e+02
1.050000000000000000e+03
1.598000000000000000e+03
-1.500000000000000000e+01
-2.629000000000000000e+03
-7.348000000000000000e+03
-4.327000000000000000e+03
-2.868000000000000000e+03
-8.750000000000000000e+02
-1.713000000000000000e+03
-4.410000000000000000e+02
2.353000000000000000e+03
-5.100000000000000000e+03
-5.469000000000000000e+03
-3.552000000000000000e+03
-3.030000000000000000e+02
3.400000000000000000e+01
-1.505000000000000000e+03
1.279000000000000000e+03
1.045000000000000000e+03
3.316000000000000000e+03
2.876000000000000000e+03
2.338000000000000000e+03
5.327000000000000000e+03
8.324000000000000000e+03
7.593000000000000000e+03
3.099000000000000000e+03
3.757000000000000000e+03
4.018000000000000000e+03
-2.673000000000000000e+03
-7.684000000000000000e+03
-5.908000000000000000e+03
-4.278000000000000000e+03
-4.667000000000000000e+03
-5.347000000000000000e+03
-4.155000000000000000e+03
-2.020000000000000000e+02
1.210000000000000000e+03
-6.590000000000000000e+02
-1.280000000000000000e+02
2.656000000000000000e+03
4.887000000000000000e+03
3.331000000000000000e+03
1.535000000000000000e+03
2.200000000000000000e+03
-3.920000000000000000e+02
-1.167000000000000000e+03
-4.598000000000000000e+03
-3.673000000000000000e+03
1.548000000000000000e+03
2.091000000000000000e+03
4.293000000000000000e+03
4.378000000000000000e+03
8.306000000000000000e+03
9.423000000000000000e+03
5.590000000000000000e+03
1.014000000000000000e+03
2.500000000000000000e+01
2.273000000000000000e+03
-7.490000000000000000e+02
-4.063000000000000000e+03
-6.304000000000000000e+03
-6.031000000000000000e+03
-9.447000000000000000e+03
-1.065600000000000000e+04
-7.436000000000000000e+03
-1.646000000000000000e+03
2.940000000000000000e+03
2.264000000000000000e+03
3.559000000000000000e+03
3.887000000000000000e+03
4.413000000000000000e+03
7.570000000000000000e+02
-9.300000000000000000e+02
2.750000000000000000e+03
1.725000000000000000e+03
5.820000000000000000e+02
4.340000000000000000e+02
-1.132000000000000000e+03
-4.390000000000000000e+02
3.810000000000000000e+02
1.964000000000000000e+03
1.600000000000000000e+01
-2.029000000000000000e+03
1.587000000000000000e+03
2.242000000000000000e+03
1.489000000000000000e+03
-3.851000000000000000e+03
-4.541000000000000000e+03
-4.511000000000000000e+03
-8.859000000000000000e+03
-6.896000000000000000e+03
-3.341000000000000000e+03
1.164000000000000000e+03
-4.840000000000000000e+02
-1.480000000000000000e+03
-7.300000000000000000e+01
7.730000000000000000e+02
2.550000000000000000e+03
-2.880000000000000000e+02
-8.870000000000000000e+02
3.610000000000000000e+02
3.530000000000000000e+03
6.758000000000000000e+03
7.172000000000000000e+03
6.108000000000000000e+03
3.120000000000000000e+03
1.879000000000000000e+03
3.763000000000000000e+03
6.022000000000000000e+03
3.933000000000000000e+03
2.020000000000000000e+02
-1.339000000000000000e+03
-2.700000000000000000e+03
-5.180000000000000000e+03
-7.318000000000000000e+03
-7.838000000000000000e+03
-8.225000000000000000e+03
-5.164000000000000000e+03
-4.410000000000000000e+02
4.180000000000000000e+03
3.760000000000000000e+03
1.139000000000000000e+03
1.079000000000000000e+03
2.285000000000000000e+03
2.619000000000000000e+03
9.420000000000000000e+02
1.865000000000000000e+03
1.539000000000000000e+03
1.995000000000000000e+03
-1.154000000000000000e+03
-2.864000000000000000e+03
1.690000000000000000e+02
1.794000000000000000e+03
1.340000000000000000e+03
-4.110000000000000000e+02
8.098000000000000000e+03
1.133500000000000000e+04
5.959000000000000000e+03
7.320000000000000000e+02
2.319000000000000000e+03
2.466000000000000000e+03
-6.666000000000000000e+03
-8.471000000000000000e+03
-7.446000000000000000e+03
-5.246000000000000000e+03
-6.978000000000000000e+03
-1.037000000000000000e+04
-1.058200000000000000e+04
-4.593000000000000000e+03
1.707000000000000000e+03
-4.800000000000000000e+02
4.420000000000000000e+02
1.708000000000000000e+03
2.721000000000000000e+03
1.936000000000000000e+03
2.502000000000000000e+03
2.654000000000000000e+03
1.860000000000000000e+02
-1.220000000000000000e+02
-3.700000000000000000e+02
1.353000000000000000e+03
4.000000000000000000e+01
-3.009000000000000000e+03
-2.119000000000000000e+03
1.945000000000000000e+03
4.574000000000000000e+03
5.593000000000000000e+03
6.624000000000000000e+03
5.283000000000000000e+03
2.607000000000000000e+03
1.650000000000000000e+02
-1.824000000000000000e+03
-2.476000000000000000e+03
-9.460000000000000000e+02
-1.981000000000000000e+03
-3.764000000000000000e+03
-2.547000000000000000e+03
-1.787000000000000000e+03
-2.206000000000000000e+03
-2.582000000000000000e+03
-2.758000000000000000e+03
7.500000000000000000e+01
3.261000000000000000e+03
2.514000000000000000e+03
2.732000000000000000e+03
3.984000000000000000e+03
3.648000000000000000e+03
2.290000000000000000e+02
-5.870000000000000000e+02
3.278000000000000000e+03
3.780000000000000000e+03
3.518000000000000000e+03
1.864000000000000000e+03
1.898000000000000000e+03
3.423000000000000000e+03
9.930000000000000000e+02
-3.322000000000000000e+03
-6.569000000000000000e+03
-3.441000000000000000e+03
-2.241000000000000000e+03
-5.525000000000000000e+03
-1.666000000000000000e+03
2.217000000000000000e+03
-2.199000000000000000e+03
-5.813000000000000000e+03
-1.763000000000000000e+03
3.256000000000000000e+03
1.203000000000000000e+03
-1.580000000000000000e+02
7.540000000000000000e+02
3.830000000000000000e+02
-6.540000000000000000e+02
-6.147000000000000000e+03
-6.119000000000000000e+03
-1.602000000000000000e+03
-1.041000000000000000e+03
-2.587000000000000000e+03
1.753000000000000000e+03
6.950000000000000000e+03
6.237000000000000000e+03
4.589000000000000000e+03
1.980000000000000000e+03
4.004000000000000000e+03
7.953000000000000000e+03
7.215000000000000000e+03
-4.880000000000000000e+02
-3.098000000000000000e+03
-5.900000000000000000e+02
-7.324000000000000000e+03
-1.218800000000000000e+04
-9.279000000000000000e+03
-4.038000000000000000e+03
-2.900000000000000000e+03
-1.184000000000000000e+03
2.887000000000000000e+03
4.636000000000000000e+03
5.862000000000000000e+03
3.902000000000000000e+03
2.699000000000000000e+03
3.381000000000000000e+03
5.798000000000000000e+03
2.626000000000000000e+03
1.570000000000000000e+02
-2.734000000000000000e+03
-4.714000000000000000e+03
-4.257000000000000000e+03
-6.685000000000000000e+03
-2.426000000000000000e+03
-9.190000000000000000e+02
3.435000000000000000e+03
5.384000000000000000e+03
5.543000000000000000e+03
8.003000000000000000e+03
3.783000000000000000e+03
1.583000000000000000e+03
-1.504000000000000000e+03
-8.900000000000000000e+02
-3.840000000000000000e+02
-3.266000000000000000e+03
-5.488000000000000000e+03
-8.262000000000000000e+03
-6.980000000000000000e+03
-4.482000000000000000e+03
-3.956000000000000000e+03
-9.770000000000000000e+02
1.070000000000000000e+03
2.680000000000000000e+03
6.260000000000000000e+03
4.377000000000000000e+03
3.181000000000000000e+03
3.428000000000000000e+03
9.540000000000000000e+02
-1.260000000000000000e+03
-3.970000000000000000e+02
2.992000000000000000e+03
1.667000000000000000e+03
1.096000000000000000e+03
3.089000000000000000e+03
-1.370000000000000000e+02
-2.934000000000000000e+03
8.270000000000000000e+02
2.639000000000000000e+03
-3.961000000000000000e+03
-5.718000000000000000e+03
1.940000000000000000e+03
3.211000000000000000e+03
-3.429000000000000000e+03
-5.188000000000000000e+03
-4.160000000000000000e+03
-3.553000000000000000e+03
-1.268000000000000000e+03
-7.580000000000000000e+02
4.590000000000000000e+02
1.208000000000000000e+03
2.887000000000000000e+03
3.880000000000000000e+02
-3.182000000000000000e+03
-4.560000000000000000e+02
1.000000000000000000e+02
-1.040000000000000000e+02
-1.540000000000000000e+02
2.329000000000000000e+03
3.262000000000000000e+03
2.919000000000000000e+03
1.801000000000000000e+03
1.716000000000000000e+03
6.065000000000000000e+03
4.851000000000000000e+03
3.118000000000000000e+03
2.645000000000000000e+03
2.265000000000000000e+03
-1.013000000000000000e+03
-4.327000000000000000e+03
-3.984000000000000000e+03
-4.266000000000000000e+03
-3.424000000000000000e+03
-6.013000000000000000e+03
-5.823000000000000000e+03
-1.525000000000000000e+03
7.830000000000000000e+02
8.160000000000000000e+02
-4.660000000000000000e+02
2.021000000000000000e+03
4.100000000000000000e+03
2.737000000000000000e+03
1.602000000000000000e+03
7.170000000000000000e+02
-3.260000000000000000e+02
-2.221000000000000000e+03
-3.911000000000000000e+03
-1.740000000000000000e+03
-3.000000000000000000e+00
7.600000000000000000e+01
8.740000000000000000e+02
2.177000000000000000e+03
3.427000000000000000e+03
4.175000000000000000e+03
4.600000000000000000e+03
3.556000000000000000e+03
2.010000000000000000e+03
1.599000000000000000e+03
1.123000000000000000e+03
-2.266000000000000000e+03
-4.040000000000000000e+03
-5.228000000000000000e+03
-5.413000000000000000e+03
-5.588000000000000000e+03
-6.248000000000000000e+03
-2.913000000000000000e+03
-1.764000000000000000e+03
1.792000000000000000e+03
2.187000000000000000e+03
2.152000000000000000e+03
3.481000000000000000e+03
1.942000000000000000e+03
1.444000000000000000e+03
-1.323000000000000000e+03
-1.020000000000000000e+02
1.737000000000000000e+03
1.030000000000000000e+02
4.400000000000000000e+01
3.110000000000000000e+02
9.870000000000000000e+02
-1.192000000000000000e+03
-1.750000000000000000e+03
1.462000000000000000e+03
3.093000000000000000e+03
2.946000000000000000e+03
1.903000000000000000e+03
3.089000000000000000e+03
3.995000000000000000e+03
1.126000000000000000e+03
-1.809000000000000000e+03
-3.750000000000000000e+03
-3.585000000000000000e+03
-1.528000000000000000e+03
-2.039000000000000000e+03
-1.466000000000000000e+03
-9.810000000000000000e+02
-1.216000000000000000e+03
-3.382000000000000000e+03
-4.721000000000000000e+03
-1.533000000000000000e+03
-2.890000000000000000e+02
1.268000000000000000e+03
7.150000000000000000e+02
2.760000000000000000e+02
2.093000000000000000e+03
4.230000000000000000e+03
3.299000000000000000e+03
-5.090000000000000000e+02
2.987000000000000000e+03
6.452000000000000000e+03
4.891000000000000000e+03
2.804000000000000000e+03
1.300000000000000000e+01
1.460000000000000000e+02
-1.230000000000000000e+02
-4.707000000000000000e+03
-5.542000000000000000e+03
-2.525000000000000000e+03
-9.620000000000000000e+02
-2.459000000000000000e+03
-1.778000000000000000e+03
-1.214000000000000000e+03
-1.985000000000000000e+03
5.910000000000000000e+02
1.444000000000000000e+03
1.578000000000000000e+03
2.900000000000000000e+01
1.420000000000000000e+02
1.712000000000000000e+03
-3.090000000000000000e+02
-4.222000000000000000e+03
-6.809000000000000000e+03
-2.224000000000000000e+03
1.861000000000000000e+03
1.040000000000000000e+02
-2.290000000000000000e+02
4.245000000000000000e+03
6.012000000000000000e+03
4.178000000000000000e+03
3.214000000000000000e+03
1.936000000000000000e+03
2.068000000000000000e+03
3.063000000000000000e+03
4.259000000000000000e+03
1.746000000000000000e+03
-1.230000000000000000e+02
-2.223000000000000000e+03
-5.729000000000000000e+03
-7.362000000000000000e+03
-7.811000000000000000e+03
-4.844000000000000000e+03
-4.176000000000000000e+03
-1.393000000000000000e+03
2.840000000000000000e+02
5.090000000000000000e+02
2.211000000000000000e+03
2.547000000000000000e+03
2.510000000000000000e+03
-9.780000000000000000e+02
-3.730000000000000000e+02
3.388000000000000000e+03
4.009000000000000000e+03
7.660000000000000000e+02
-1.367000000000000000e+03
-1.376000000000000000e+03
-1.749000000000000000e+03
-1.077000000000000000e+03
-1.553000000000000000e+03
-2.068000000000000000e+03
4.600000000000000000e+02
4.753000000000000000e+03
4.645000000000000000e+03
2.942000000000000000e+03
2.546000000000000000e+03
2.000000000000000000e+03
6.730000000000000000e+02
3.760000000000000000e+02
5.460000000000000000e+02
-1.474000000000000000e+03
-1.213000000000000000e+03
-1.156000000000000000e+03
-3.991000000000000000e+03
-6.367000000000000000e+03
-4.330000000000000000e+03
-8.460000000000000000e+02
-3.090000000000000000e+02
-1.401000000000000000e+03
-8.800000000000000000e+01
2.132000000000000000e+03
3.675000000000000000e+03
6.194000000000000000e+03
1.822000000000000000e+03
-1.129000000000000000e+03
5.830000000000000000e+02
2.566000000000000000e+03
1.245000000000000000e+03
-1.893000000000000000e+03
-4.270000000000000000e+02
-3.251000000000000000e+03
-2.303000000000000000e+03
-1.176000000000000000e+03
-1.050000000000000000e+02
1.655000000000000000e+03
2.173000000000000000e+03
5.583000000000000000e+03
2.724000000000000000e+03
2.749000000000000000e+03
4.408000000000000000e+03
2.805000000000000000e+03
-3.328000000000000000e+03
-4.212000000000000000e+03
-2.175000000000000000e+03
-2.586000000000000000e+03
3.050000000000000000e+02
-2.433000000000000000e+03
-2.513000000000000000e+03
-3.510000000000000000e+03
-3.516000000000000000e+03
-1.315000000000000000e+03
6.530000000000000000e+02
1.620000000000000000e+03
-1.569000000000000000e+03
-5.000000000000000000e+01
6.620000000000000000e+02
3.102000000000000000e+03
1.946000000000000000e+03
-5.135000000000000000e+03
-6.455000000000000000e+03
-2.722000000000000000e+03
9.980000000000000000e+02
8.720000000000000000e+02
1.015000000000000000e+03
1.670000000000000000e+03
1.860000000000000000e+03
3.257000000000000000e+03
1.712000000000000000e+03
1.590000000000000000e+03
4.746000000000000000e+03
3.385000000000000000e+03
3.520000000000000000e+02
-4.040000000000000000e+02
9.440000000000000000e+02
-1.408000000000000000e+03
-3.589000000000000000e+03
-2.513000000000000000e+03
-4.340000000000000000e+03
-2.287000000000000000e+03
-8.100000000000000000e+01
-2.340000000000000000e+02
-9.210000000000000000e+02
2.150000000000000000e+02
3.863000000000000000e+03
1.693000000000000000e+03
-1.251000000000000000e+03
-2.342000000000000000e+03
-1.419000000000000000e+03
-1.683000000000000000e+03
-2.803000000000000000e+03
-8.390000000000000000e+02
2.120000000000000000e+03
4.425000000000000000e+03
1.575000000000000000e+03
1.593000000000000000e+03
2.569000000000000000e+03
2.897000000000000000e+03
4.155000000000000000e+03
3.649000000000000000e+03
3.795000000000000000e+03
2.817000000000000000e+03
2.709000000000000000e+03
-2.210000000000000000e+02
-2.105000000000000000e+03
-3.903000000000000000e+03
-5.630000000000000000e+03
-4.581000000000000000e+03
-3.421000000000000000e+03
-1.448000000000000000e+03
-1.472000000000000000e+03
6.020000000000000000e+02
4.850000000000000000e+02
-1.565000000000000000e+03
-2.043000000000000000e+03
8.070000000000000000e+02
2.464000000000000000e+03
-1.480000000000000000e+03
-1.034000000000000000e+03
1.394000000000000000e+03
6.380000000000000000e+02
-2.672000000000000000e+03
-2.891000000000000000e+03
5.180000000000000000e+02
6.050000000000000000e+02
-1.279000000000000000e+03
2.293000000000000000e+03
6.223000000000000000e+03
4.020000000000000000e+03
1.453000000000000000e+03
3.840000000000000000e+02
1.365000000000000000e+03
1.196000000000000000e+03
6.050000000000000000e+02
1.680000000000000000e+02
-9.850000000000000000e+02
-1.030000000000000000e+03
-2.017000000000000000e+03
-3.157000000000000000e+03
-4.301000000000000000e+03
-4.733000000000000000e+03
-4.845000000000000000e+03
-3.352000000000000000e+03
-1.470000000000000000e+03
1.270000000000000000e+02
-3.770000000000000000e+02
-1.790000000000000000e+02
1.514000000000000000e+03
-3.333000000000000000e+03
-1.326000000000000000e+03
3.695000000000000000e+03
2.332000000000000000e+03
2.050000000000000000e+02
1.302000000000000000e+03
4.767000000000000000e+03
2.725000000000000000e+03
3.456000000000000000e+03
2.099000000000000000e+03
-6.160000000000000000e+02
2.278000000000000000e+03
3.256000000000000000e+03
1.844000000000000000e+03
1.962000000000000000e+03
4.221000000000000000e+03
2.688000000000000000e+03
7.400000000000000000e+02
-6.340000000000000000e+02
-1.123000000000000000e+03
-1.276000000000000000e+03
-2.385000000000000000e+03
-3.626000000000000000e+03
-5.541000000000000000e+03
-3.422000000000000000e+03
-2.815000000000000000e+03
-4.611000000000000000e+03
-3.895000000000000000e+03
-3.540000000000000000e+03
-1.489000000000000000e+03
1.374000000000000000e+03
1.304000000000000000e+03
1.071000000000000000e+03
1.118000000000000000e+03
3.409000000000000000e+03
3.277000000000000000e+03
1.374000000000000000e+03
2.407000000000000000e+03
1.386000000000000000e+03
2.461000000000000000e+03
2.531000000000000000e+03
1.549000000000000000e+03
1.827000000000000000e+03
1.398000000000000000e+03
3.313000000000000000e+03
2.919000000000000000e+03
1.011000000000000000e+03
9.680000000000000000e+02
1.322000000000000000e+03
-1.700000000000000000e+02
-3.319000000000000000e+03
-4.592000000000000000e+03
-3.762000000000000000e+03
-4.085000000000000000e+03
-5.937000000000000000e+03
-5.854000000000000000e+03
-4.059000000000000000e+03
-1.123000000000000000e+03
-8.660000000000000000e+02
-3.962000000000000000e+03
-1.737000000000000000e+03
1.997000000000000000e+03
2.543000000000000000e+03
1.394000000000000000e+03
3.310000000000000000e+02
3.416000000000000000e+03
2.964000000000000000e+03
1.023000000000000000e+03
1.431000000000000000e+03
8.650000000000000000e+02
2.469000000000000000e+03
2.106000000000000000e+03
2.751000000000000000e+03
2.753000000000000000e+03
1.058000000000000000e+03
3.201000000000000000e+03
3.437000000000000000e+03
1.879000000000000000e+03
-4.300000000000000000e+01
-1.200000000000000000e+02
-6.000000000000000000e+00
-8.660000000000000000e+02
-1.037000000000000000e+03
-3.510000000000000000e+03
-6.216000000000000000e+03
-5.773000000000000000e+03
-4.208000000000000000e+03
-4.864000000000000000e+03
-1.416000000000000000e+03
5.170000000000000000e+02
-1.171000000000000000e+03
-2.720000000000000000e+02
5.700000000000000000e+01
2.542000000000000000e+03
1.994000000000000000e+03
1.052000000000000000e+03
2.694000000000000000e+03
6.470000000000000000e+02
2.310000000000000000e+02
2.191000000000000000e+03
1.657000000000000000e+03
-8.120000000000000000e+02
-1.913000000000000000e+03
9.060000000000000000e+02
3.123000000000000000e+03
2.756000000000000000e+03
4.289000000000000000e+03
1.931000000000000000e+03
8.380000000000000000e+02
3.016000000000000000e+03
1.392000000000000000e+03
4.530000000000000000e+02
-2.766000000000000000e+03
-2.110000000000000000e+03
-1.350000000000000000e+03
-4.421000000000000000e+03
-2.356000000000000000e+03
-4.072000000000000000e+03
-5.249000000000000000e+03
-3.870000000000000000e+03
-2.790000000000000000e+03
9.590000000000000000e+02
1.012000000000000000e+03
1.109000000000000000e+03
1.566000000000000000e+03
1.434000000000000000e+03
2.975000000000000000e+03
1.865000000000000000e+03
1.055000000000000000e+03
-3.600000000000000000e+02
-1.189000000000000000e+03
1.378000000000000000e+03
4.170000000000000000e+02
-1.790000000000000000e+02
-5.130000000000000000e+02
-9.450000000000000000e+02
8.360000000000000000e+02
2.967000000000000000e+03
4.469000000000000000e+03
3.495000000000000000e+03
3.099000000000000000e+03
1.901000000000000000e+03
9.650000000000000000e+02
8.970000000000000000e+02
-1.201000000000000000e+03
-3.091000000000000000e+03
-1.634000000000000000e+03
-3.837000000000000000e+03
-6.691000000000000000e+03
-5.545000000000000000e+03
-5.532000000000000000e+03
-3.131000000000000000e+03
-3.044000000000000000e+03
-1.907000000000000000e+03
1.558000000000000000e+03
3.094000000000000000e+03
6.214000000000000000e+03
3.519000000000000000e+03
1.363000000000000000e+03
1.093000000000000000e+03
8.440000000000000000e+02
1.514000000000000000e+03
-2.301000000000000000e+03
-1.490000000000000000e+03
1.710000000000000000e+02
-8.000000000000000000e+02
-1.223000000000000000e+03
-3.633000000000000000e+03
4.510000000000000000e+02
2.548000000000000000e+03
-1.160000000000000000e+02
2.046000000000000000e+03
4.483000000000000000e+03
6.167000000000000000e+03
4.077000000000000000e+03
3.442000000000000000e+03
3.966000000000000000e+03
2.525000000000000000e+03
4.250000000000000000e+02
-5.137000000000000000e+03
-4.589000000000000000e+03
-3.284000000000000000e+03
-4.604000000000000000e+03
-4.131000000000000000e+03
-4.098000000000000000e+03
-3.503000000000000000e+03
-2.768000000000000000e+03
7.500000000000000000e+02
3.480000000000000000e+03
2.462000000000000000e+03
1.240000000000000000e+02
-1.014000000000000000e+03
1.455000000000000000e+03
1.578000000000000000e+03
8.790000000000000000e+02
1.121000000000000000e+03
-8.830000000000000000e+02
-1.915000000000000000e+03
-2.632000000000000000e+03
-1.057000000000000000e+03
-1.174000000000000000e+03
-2.635000000000000000e+03
-1.596000000000000000e+03
5.170000000000000000e+02
2.059000000000000000e+03
1.004000000000000000e+03
3.881000000000000000e+03
4.381000000000000000e+03
1.252000000000000000e+03
5.120000000000000000e+02
1.864000000000000000e+03
2.454000000000000000e+03
1.586000000000000000e+03
-6.710000000000000000e+02
-3.257000000000000000e+03
-8.720000000000000000e+02
-2.320000000000000000e+02
-1.891000000000000000e+03
-2.713000000000000000e+03
-2.311000000000000000e+03
-1.662000000000000000e+03
4.050000000000000000e+02
1.830000000000000000e+03
6.900000000000000000e+01
5.930000000000000000e+02
6.350000000000000000e+02
5.060000000000000000e+02
-8.370000000000000000e+02
-8.350000000000000000e+02
1.387000000000000000e+03
2.696000000000000000e+03
1.929000000000000000e+03
-1.170000000000000000e+02
1.263000000000000000e+03
1.562000000000000000e+03
2.106000000000000000e+03
1.130000000000000000e+03
-6.430000000000000000e+02
8.170000000000000000e+02
3.026000000000000000e+03
4.713000000000000000e+03
7.240000000000000000e+02
-8.580000000000000000e+02
5.600000000000000000e+01
-3.610000000000000000e+02
-9.100000000000000000e+02
-1.395000000000000000e+03
-8.600000000000000000e+01
-1.775000000000000000e+03
-2.743000000000000000e+03
-2.047000000000000000e+03
-1.694000000000000000e+03
-1.461000000000000000e+03
-1.594000000000000000e+03
-1.391000000000000000e+03
4.510000000000000000e+02
6.130000000000000000e+02
-1.790000000000000000e+02
4.840000000000000000e+02
-1.413000000000000000e+03
-1.332000000000000000e+03
-2.223000000000000000e+03
-1.552000000000000000e+03
-8.310000000000000000e+02
-1.540000000000000000e+03
2.780000000000000000e+02
6.810000000000000000e+02
3.670000000000000000e+02
-1.063000000000000000e+03
-1.014000000000000000e+03
1.402000000000000000e+03
7.950000000000000000e+02
1.700000000000000000e+02
8.250000000000000000e+02
2.380000000000000000e+03
3.416000000000000000e+03
1.479000000000000000e+03
1.707000000000000000e+03
1.412000000000000000e+03
1.440000000000000000e+02
-1.630000000000000000e+02
3.180000000000000000e+02
-1.162000000000000000e+03
-3.511000000000000000e+03
-2.147000000000000000e+03
-1.153000000000000000e+03
-7.180000000000000000e+02
-1.832000000000000000e+03
-1.690000000000000000e+03
-1.983000000000000000e+03
-1.121000000000000000e+03
6.430000000000000000e+02
7.170000000000000000e+02
9.680000000000000000e+02
-1.280000000000000000e+03
8.640000000000000000e+02
2.033000000000000000e+03
1.469000000000000000e+03
1.383000000000000000e+03
9.590000000000000000e+02
7.040000000000000000e+02
-5.570000000000000000e+02
-7.840000000000000000e+02
-1.407000000000000000e+03
-8.210000000000000000e+02
-1.047000000000000000e+03
5.280000000000000000e+02
4.000000000000000000e+02
3.660000000000000000e+02
1.722000000000000000e+03
1.822000000000000000e+03
2.040000000000000000e+03
-1.540000000000000000e+02
9.540000000000000000e+02
2.308000000000000000e+03
1.489000000000000000e+03
5.900000000000000000e+02
2.780000000000000000e+02
-2.730000000000000000e+02
-1.760000000000000000e+03
-2.272000000000000000e+03
-2.111000000000000000e+03
-2.662000000000000000e+03
-4.860000000000000000e+02
1.269000000000000000e+03
-2.206000000000000000e+03
-1.264000000000000000e+03
4.730000000000000000e+02
-1.154000000000000000e+03
-1.541000000000000000e+03
-5.330000000000000000e+02
-2.330000000000000000e+02
9.690000000000000000e+02
1.399000000000000000e+03
6.400000000000000000e+02
6.580000000000000000e+02
-1.408000000000000000e+03
-5.700000000000000000e+01
1.231000000000000000e+03
1.046000000000000000e+03
1.207000000000000000e+03
8.810000000000000000e+02
2.058000000000000000e+03
1.828000000000000000e+03
3.216000000000000000e+03
1.754000000000000000e+03
-6.870000000000000000e+02
7.000000000000000000e+02
3.660000000000000000e+02
1.710000000000000000e+02
-2.320000000000000000e+02
-4.130000000000000000e+02
-5.930000000000000000e+02
-1.413000000000000000e+03
-2.415000000000000000e+03
-2.224000000000000000e+03
-8.750000000000000000e+02
-1.015000000000000000e+03
-1.037000000000000000e+03
-9.290000000000000000e+02
1.481000000000000000e+03
1.106000000000000000e+03
5.600000000000000000e+01
7.620000000000000000e+02
-2.050000000000000000e+02
-3.190000000000000000e+02
-1.624000000000000000e+03
-1.557000000000000000e+03
-4.950000000000000000e+02
-3.650000000000000000e+02
-6.540000000000000000e+02
-1.786000000000000000e+03
-1.151000000000000000e+03
1.095000000000000000e+03
2.039000000000000000e+03
1.371000000000000000e+03
5.210000000000000000e+02
1.096000000000000000e+03
2.438000000000000000e+03
1.890000000000000000e+03
1.783000000000000000e+03
1.849000000000000000e+03
8.820000000000000000e+02
1.699000000000000000e+03
1.312000000000000000e+03
4.070000000000000000e+02
5.300000000000000000e+02
-1.581000000000000000e+03
-2.026000000000000000e+03
-2.174000000000000000e+03
-4.760000000000000000e+02
-7.540000000000000000e+02
-2.767000000000000000e+03
-2.135000000000000000e+03
-2.424000000000000000e+03
-1.477000000000000000e+03
-8.610000000000000000e+02
-6.430000000000000000e+02
-1.093000000000000000e+03
-1.641000000000000000e+03
-1.051000000000000000e+03
1.800000000000000000e+02
1.099000000000000000e+03
1.290000000000000000e+02
5.610000000000000000e+02
5.800000000000000000e+02
9.900000000000000000e+02
1.415000000000000000e+03
1.224000000000000000e+03
1.532000000000000000e+03
-6.600000000000000000e+01
-7.800000000000000000e+01
1.445000000000000000e+03
5.520000000000000000e+02
-1.378000000000000000e+03
2.940000000000000000e+02
2.095000000000000000e+03
2.830000000000000000e+02
-4.860000000000000000e+02
1.707000000000000000e+03
1.548000000000000000e+03
1.015000000000000000e+03
2.770000000000000000e+02
-1.341000000000000000e+03
3.750000000000000000e+02
-3.610000000000000000e+02
-2.019000000000000000e+03
-1.402000000000000000e+03
3.290000000000000000e+02
2.490000000000000000e+02
-1.198000000000000000e+03
3.070000000000000000e+02
-1.400000000000000000e+02
-2.340000000000000000e+02
4.050000000000000000e+02
-1.420000000000000000e+03
-1.460000000000000000e+03
-1.303000000000000000e+03
-1.594000000000000000e+03
-1.959000000000000000e+03
-2.010000000000000000e+03
-8.060000000000000000e+02
-1.118000000000000000e+03
-1.830000000000000000e+02
8.100000000000000000e+02
4.200000000000000000e+01
1.495000000000000000e+03
1.657000000000000000e+03
1.460000000000000000e+03
2.592000000000000000e+03
3.324000000000000000e+03
3.354000000000000000e+03
1.971000000000000000e+03
1.982000000000000000e+03
2.010000000000000000e+02
-5.600000000000000000e+01
1.376000000000000000e+03
-5.550000000000000000e+02
-1.603000000000000000e+03
-1.854000000000000000e+03
2.850000000000000000e+02
-1.206000000000000000e+03
-2.348000000000000000e+03
-1.053000000000000000e+03
-2.087000000000000000e+03
-3.470000000000000000e+02
-5.410000000000000000e+02
1.590000000000000000e+02
-1.063000000000000000e+03
-1.215000000000000000e+03
-9.590000000000000000e+02
-1.840000000000000000e+03
5.100000000000000000e+02
-7.950000000000000000e+02
-4.260000000000000000e+02
6.330000000000000000e+02
1.670000000000000000e+03
1.746000000000000000e+03
1.631000000000000000e+03
1.571000000000000000e+03
-1.080000000000000000e+03
5.440000000000000000e+02
1.706000000000000000e+03
1.737000000000000000e+03
1.000000000000000000e+00
-4.200000000000000000e+02
2.416000000000000000e+03
8.970000000000000000e+02
-9.910000000000000000e+02
-9.040000000000000000e+02
-4.650000000000000000e+02
8.790000000000000000e+02
-6.260000000000000000e+02
-1.862000000000000000e+03
-2.700000000000000000e+01
7.200000000000000000e+01
-9.130000000000000000e+02
-1.405000000000000000e+03
3.110000000000000000e+02
-2.920000000000000000e+02
-2.007000000000000000e+03
-2.050000000000000000e+02
6.660000000000000000e+02
7.810000000000000000e+02
2.790000000000000000e+02
1.030000000000000000e+02
-5.200000000000000000e+01
1.980000000000000000e+02
8.360000000000000000e+02
-4.500000000000000000e+01
-1.676000000000000000e+03
-1.280000000000000000e+03
-5.910000000000000000e+02
-6.030000000000000000e+02
-4.120000000000000000e+02
-1.027000000000000000e+03
4.400000000000000000e+01
2.930000000000000000e+02
5.700000000000000000e+02
9.930000000000000000e+02
1.778000000000000000e+03
1.575000000000000000e+03
-1.600000000000000000e+02
1.266000000000000000e+03
1.092000000000000000e+03
7.190000000000000000e+02
8.060000000000000000e+02
-1.560000000000000000e+02
-8.740000000000000000e+02
-4.110000000000000000e+02
1.043000000000000000e+03
9.800000000000000000e+01
-1.052000000000000000e+03
-1.870000000000000000e+02
-7.500000000000000000e+01
-7.930000000000000000e+02
-5.050000000000000000e+02
-8.630000000000000000e+02
-9.830000000000000000e+02
-3.420000000000000000e+02
-1.052000000000000000e+03
-2.560000000000000000e+02
1.322000000000000000e+03
-3.000000000000000000e+00
2.290000000000000000e+02
1.056000000000000000e+03
2.600000000000000000e+01
5.360000000000000000e+02
1.093000000000000000e+03
5.160000000000000000e+02
4.920000000000000000e+02
1.940000000000000000e+02
-9.200000000000000000e+01
6.350000000000000000e+02
-4.620000000000000000e+02
-1.162000000000000000e+03
-6.550000000000000000e+02
8.890000000000000000e+02
-6.510000000000000000e+02
-2.183000000000000000e+03
-1.550000000000000000e+02
-3.330000000000000000e+02
2.280000000000000000e+02
-1.527000000000000000e+03
-2.070000000000000000e+03
-1.350000000000000000e+02
-1.700000000000000000e+01
-5.900000000000000000e+02
-8.880000000000000000e+02
1.012000000000000000e+03
3.060000000000000000e+02
-3.650000000000000000e+02
8.860000000000000000e+02
1.668000000000000000e+03
1.016000000000000000e+03
1.287000000000000000e+03
1.754000000000000000e+03
3.500000000000000000e+02
4.150000000000000000e+02
-4.960000000000000000e+02
-7.800000000000000000e+02
-1.420000000000000000e+02
-2.760000000000000000e+02
-4.320000000000000000e+02
-7.170000000000000000e+02
1.235000000000000000e+03
-5.700000000000000000e+02
-1.322000000000000000e+03
3.380000000000000000e+02
-6.790000000000000000e+02
-5.240000000000000000e+02
-7.170000000000000000e+02
1.380000000000000000e+03
1.835000000000000000e+03
3.150000000000000000e+02
-1.670000000000000000e+02
4.900000000000000000e+02
1.090000000000000000e+03
1.930000000000000000e+02
-9.920000000000000000e+02
-3.450000000000000000e+02
1.143000000000000000e+03
-5.700000000000000000e+01
-6.400000000000000000e+01
3.310000000000000000e+02
2.800000000000000000e+02
-5.180000000000000000e+02
-9.100000000000000000e+02
4.670000000000000000e+02
-6.300000000000000000e+01
1.560000000000000000e+02
2.600000000000000000e+01
5.000000000000000000e+00
1.127000000000000000e+03
-7.910000000000000000e+02
-1.276000000000000000e+03
5.210000000000000000e+02
4.600000000000000000e+02
-3.260000000000000000e+02
-1.796000000000000000e+03
-7.910000000000000000e+02
-8.290000000000000000e+02
-1.381000000000000000e+03
-5.500000000000000000e+01
-1.280000000000000000e+03
-5.000000000000000000e+01
5.240000000000000000e+02
-3.100000000000000000e+02
1.068000000000000000e+03
1.883000000000000000e+03
8.140000000000000000e+02
-2.290000000000000000e+02
1.267000000000000000e+03
2.110000000000000000e+02
-8.880000000000000000e+02
2.710000000000000000e+02
-4.670000000000000000e+02
-1.097000000000000000e+03
3.190000000000000000e+02
8.340000000000000000e+02
-3.070000000000000000e+02
9.200000000000000000e+01
-6.060000000000000000e+02
-1.145000000000000000e+03
-1.800000000000000000e+01
-1.800000000000000000e+02
1.000000000000000000e+01
-5.650000000000000000e+02
4.000000000000000000e+01
6.160000000000000000e+02
-1.700000000000000000e+02
9.970000000000000000e+02
-5.910000000000000000e+02
-7.350000000000000000e+02
2.070000000000000000e+02
-3.720000000000000000e+02
9.680000000000000000e+02
9.000000000000000000e+00
9.620000000000000000e+02
1.949000000000000000e+03
7.700000000000000000e+02
3.900000000000000000e+02
3.730000000000000000e+02
8.370000000000000000e+02
-3.300000000000000000e+02
1.010000000000000000e+02
1.092000000000000000e+03
-2.500000000000000000e+02
1.790000000000000000e+02
1.191000000000000000e+03
7.200000000000000000e+01
-1.190000000000000000e+02
-1.245000000000000000e+03
-1.167000000000000000e+03
-1.610000000000000000e+02
-9.430000000000000000e+02
-1.700000000000000000e+01
-3.680000000000000000e+02
-8.470000000000000000e+02
-9.590000000000000000e+02
-1.114000000000000000e+03
-8.270000000000000000e+02
-4.140000000000000000e+02
4.600000000000000000e+02
4.890000000000000000e+02
1.502000000000000000e+03
1.972000000000000000e+03
1.130000000000000000e+02
-8.060000000000000000e+02
4.960000000000000000e+02
-1.171000000000000000e+03
-1.943000000000000000e+03
7.460000000000000000e+02
-1.830000000000000000e+02
-4.190000000000000000e+02
1.025000000000000000e+03
4.700000000000000000e+02
-1.221000000000000000e+03
-8.270000000000000000e+02
4.700000000000000000e+02
-1.550000000000000000e+02
9.590000000000000000e+02
9.220000000000000000e+02
2.120000000000000000e+02
1.041000000000000000e+03
1.011000000000000000e+03
-4.290000000000000000e+02
-1.473000000000000000e+03
8.350000000000000000e+02
8.900000000000000000e+01
-2.420000000000000000e+03
-3.860000000000000000e+02
1.332000000000000000e+03
-2.280000000000000000e+02
-1.155000000000000000e+03
3.600000000000000000e+01
6.750000000000000000e+02
4.200000000000000000e+01
9.040000000000000000e+02
1.620000000000000000e+02
-7.820000000000000000e+02
1.800000000000000000e+02
-7.190000000000000000e+02
-1.666000000000000000e+03
2.130000000000000000e+02
3.200000000000000000e+02
-3.930000000000000000e+02
1.307000000000000000e+03
1.837000000000000000e+03
9.900000000000000000e+02
4.170000000000000000e+02
1.420000000000000000e+02
-8.570000000000000000e+02
2.720000000000000000e+02
7.110000000000000000e+02
-9.670000000000000000e+02
-8.750000000000000000e+02
5.220000000000000000e+02
8.370000000000000000e+02
-1.230000000000000000e+02
-4.560000000000000000e+02
-1.246000000000000000e+03
-2.900000000000000000e+02
5.810000000000000000e+02
-9.000000000000000000e+00
4.800000000000000000e+01
-1.430000000000000000e+02
-3.190000000000000000e+02
-9.000000000000000000e+00
4.750000000000000000e+02
-5.810000000000000000e+02
-1.251000000000000000e+03
-4.180000000000000000e+02
8.000000000000000000e+01
-6.580000000000000000e+02
-6.060000000000000000e+02
-1.330000000000000000e+02
-9.800000000000000000e+01
1.595000000000000000e+03
9.310000000000000000e+02
-5.840000000000000000e+02
2.610000000000000000e+02
1.354000000000000000e+03
2.227000000000000000e+03
5.210000000000000000e+02
-1.412000000000000000e+03
-6.010000000000000000e+02
3.000000000000000000e+01
-9.700000000000000000e+02
-1.668000000000000000e+03
-7.790000000000000000e+02
6.640000000000000000e+02
5.300000000000000000e+02
1.500000000000000000e+02
1.231000000000000000e+03
1.527000000000000000e+03
-1.400000000000000000e+01
-1.822000000000000000e+03
-7.010000000000000000e+02
7.300000000000000000e+02
-7.700000000000000000e+01
-3.980000000000000000e+02
1.560000000000000000e+02
7.330000000000000000e+02
6.600000000000000000e+02
7.660000000000000000e+02
3.950000000000000000e+02
-1.209000000000000000e+03
-1.339000000000000000e+03
7.450000000000000000e+02
6.380000000000000000e+02
-1.578000000000000000e+03
-1.110000000000000000e+03
3.700000000000000000e+01
-8.430000000000000000e+02
-3.950000000000000000e+02
4.540000000000000000e+02
-1.680000000000000000e+02
-6.410000000000000000e+02
-1.110000000000000000e+02
1.058000000000000000e+03
6.900000000000000000e+01
-1.010000000000000000e+02
1.491000000000000000e+03
1.062000000000000000e+03
1.179000000000000000e+03
2.015000000000000000e+03
1.629000000000000000e+03
-6.220000000000000000e+02
-1.529000000000000000e+03
-5.100000000000000000e+02
-1.250000000000000000e+03
-6.200000000000000000e+02
1.116000000000000000e+03
-8.000000000000000000e+00
2.420000000000000000e+02
1.608000000000000000e+03
-7.460000000000000000e+02
-1.287000000000000000e+03
1.960000000000000000e+02
-3.230000000000000000e+02
-9.880000000000000000e+02
-2.450000000000000000e+02
7.320000000000000000e+02
-8.590000000000000000e+02
-7.130000000000000000e+02
-3.100000000000000000e+02
-1.918000000000000000e+03
-1.120000000000000000e+03
-2.170000000000000000e+02
9.030000000000000000e+02
1.360000000000000000e+03
1.166000000000000000e+03
2.288000000000000000e+03
1.284000000000000000e+03
-4.630000000000000000e+02
-3.480000000000000000e+02
5.920000000000000000e+02
6.270000000000000000e+02
3.870000000000000000e+02
3.550000000000000000e+02
7.100000000000000000e+01
-3.490000000000000000e+02
-1.778000000000000000e+03
-1.776000000000000000e+03
-1.366000000000000000e+03
-1.149000000000000000e+03
-7.100000000000000000e+02
2.370000000000000000e+02
1.874000000000000000e+03
-2.980000000000000000e+02
-6.130000000000000000e+02
1.000000000000000000e+02
-1.372000000000000000e+03
-4.130000000000000000e+02
-1.580000000000000000e+02
8.800000000000000000e+02
1.980000000000000000e+03
2.003000000000000000e+03
1.270000000000000000e+03
-3.930000000000000000e+02
4.870000000000000000e+02
-4.680000000000000000e+02
-2.304000000000000000e+03
-5.770000000000000000e+02
5.990000000000000000e+02
6.820000000000000000e+02
9.910000000000000000e+02
1.073000000000000000e+03
1.525000000000000000e+03
9.370000000000000000e+02
-3.700000000000000000e+01
-1.201000000000000000e+03
-9.210000000000000000e+02
4.380000000000000000e+02
-1.334000000000000000e+03
-1.238000000000000000e+03
-9.770000000000000000e+02
-1.260000000000000000e+03
9.350000000000000000e+02
5.720000000000000000e+02
-4.880000000000000000e+02
6.490000000000000000e+02
2.042000000000000000e+03
4.770000000000000000e+02
-4.890000000000000000e+02
5.220000000000000000e+02
-1.116000000000000000e+03
-1.753000000000000000e+03
7.100000000000000000e+02
1.700000000000000000e+03
-3.200000000000000000e+02
-8.940000000000000000e+02
-5.620000000000000000e+02
-5.300000000000000000e+01
-7.880000000000000000e+02
-3.011000000000000000e+03
-9.080000000000000000e+02
9.260000000000000000e+02
6.260000000000000000e+02
1.929000000000000000e+03
3.262000000000000000e+03
2.338000000000000000e+03
5.310000000000000000e+02
9.660000000000000000e+02
-1.106000000000000000e+03
-2.470000000000000000e+03
1.600000000000000000e+01
8.300000000000000000e+01
-1.916000000000000000e+03
-1.606000000000000000e+03
-5.500000000000000000e+01
-1.721000000000000000e+03
-2.452000000000000000e+03
-2.570000000000000000e+02
4.100000000000000000e+02
4.110000000000000000e+02
1.690000000000000000e+03
1.827000000000000000e+03
1.293000000000000000e+03
1.843000000000000000e+03
8.070000000000000000e+02
-1.428000000000000000e+03
-8.880000000000000000e+02
7.080000000000000000e+02
-2.730000000000000000e+02
-6.850000000000000000e+02
-2.410000000000000000e+02
-1.427000000000000000e+03
-1.032000000000000000e+03
-2.780000000000000000e+02
-1.323000000000000000e+03
-8.560000000000000000e+02
2.329000000000000000e+03
2.078000000000000000e+03
-7.980000000000000000e+02
1.125000000000000000e+03
2.566000000000000000e+03
1.063000000000000000e+03
-4.990000000000000000e+02
-1.580000000000000000e+03
-1.651000000000000000e+03
-1.900000000000000000e+03
-2.850000000000000000e+02
3.940000000000000000e+02
-7.120000000000000000e+02
8.600000000000000000e+01
1.266000000000000000e+03
1.481000000000000000e+03
1.402000000000000000e+03
4.230000000000000000e+02
-1.313000000000000000e+03
-5.550000000000000000e+02
1.774000000000000000e+03
2.090000000000000000e+03
-6.780000000000000000e+02
-1.808000000000000000e+03
-1.061000000000000000e+03
-1.506000000000000000e+03
9.170000000000000000e+02
6.190000000000000000e+02
-2.912000000000000000e+03
-1.959000000000000000e+03
1.977000000000000000e+03
2.520000000000000000e+03
-1.006000000000000000e+03
2.310000000000000000e+02
1.389000000000000000e+03
-1.425000000000000000e+03
2.760000000000000000e+02
2.184000000000000000e+03
-1.790000000000000000e+02
-1.443000000000000000e+03
9.400000000000000000e+01
5.700000000000000000e+01
-1.083000000000000000e+03
1.364000000000000000e+03
8.170000000000000000e+02
-3.018000000000000000e+03
4.400000000000000000e+02
2.886000000000000000e+03
-1.110000000000000000e+02
1.390000000000000000e+02
1.954000000000000000e+03
1.461000000000000000e+03
-9.520000000000000000e+02
-1.144000000000000000e+03
-3.770000000000000000e+02
-2.108000000000000000e+03
-3.378000000000000000e+03
-4.370000000000000000e+03
-1.903000000000000000e+03
2.325000000000000000e+03
9.470000000000000000e+02
3.900000000000000000e+02
2.164000000000000000e+03
1.493000000000000000e+03
6.360000000000000000e+02
3.100000000000000000e+01
-1.353000000000000000e+03
-1.379000000000000000e+03
1.379000000000000000e+03
2.776000000000000000e+03
1.572000000000000000e+03
1.550000000000000000e+03
5.750000000000000000e+02
-2.586000000000000000e+03
-2.793000000000000000e+03
-2.361000000000000000e+03
-1.849000000000000000e+03
-2.120000000000000000e+02
1.580000000000000000e+02
2.000000000000000000e+03
3.307000000000000000e+03
1.642000000000000000e+03
-4.200000000000000000e+02
9.400000000000000000e+01
1.017000000000000000e+03
1.700000000000000000e+02
1.498000000000000000e+03
1.966000000000000000e+03
5.490000000000000000e+02
1.763000000000000000e+03
1.048000000000000000e+03
-2.071000000000000000e+03
-2.470000000000000000e+03
-1.579000000000000000e+03
-7.650000000000000000e+02
6.370000000000000000e+02
2.229000000000000000e+03
1.235000000000000000e+03
6.640000000000000000e+02
2.202000000000000000e+03
1.521000000000000000e+03
-1.161000000000000000e+03
-2.442000000000000000e+03
-3.690000000000000000e+02
2.163000000000000000e+03
2.136000000000000000e+03
2.430000000000000000e+02
-7.660000000000000000e+02
-5.610000000000000000e+02
-1.243000000000000000e+03
-2.946000000000000000e+03
-9.350000000000000000e+02
-9.700000000000000000e+01
-2.687000000000000000e+03
1.680000000000000000e+02
4.905000000000000000e+03
2.042000000000000000e+03
-3.323000000000000000e+03
-2.180000000000000000e+02
7.620000000000000000e+02
-4.913000000000000000e+03
-3.879000000000000000e+03
-6.790000000000000000e+02
-1.187000000000000000e+03
-1.410000000000000000e+03
-1.199000000000000000e+03
-8.400000000000000000e+02
9.430000000000000000e+02
-5.100000000000000000e+01
-3.523000000000000000e+03
-1.268000000000000000e+03
2.309000000000000000e+03
5.720000000000000000e+02
-1.421000000000000000e+03
6.530000000000000000e+02
9.570000000000000000e+02
-1.861000000000000000e+03
-2.287000000000000000e+03
-1.171000000000000000e+03
2.940000000000000000e+02
-8.180000000000000000e+02
-1.151000000000000000e+03
9.730000000000000000e+02
1.184000000000000000e+03
8.100000000000000000e+02
2.500000000000000000e+02
1.210000000000000000e+03
2.179000000000000000e+03
1.597000000000000000e+03
9.150000000000000000e+02
1.400000000000000000e+03
1.691000000000000000e+03
9.340000000000000000e+02
6.190000000000000000e+02
2.800000000000000000e+01
4.080000000000000000e+02
3.350000000000000000e+02
1.420000000000000000e+02
5.450000000000000000e+02
1.660000000000000000e+03
3.036000000000000000e+03
1.494000000000000000e+03
1.389000000000000000e+03
1.033000000000000000e+03
-5.200000000000000000e+01
1.360000000000000000e+03
6.270000000000000000e+02
-1.670000000000000000e+02
1.057000000000000000e+03
2.690000000000000000e+03
1.609000000000000000e+03
1.193000000000000000e+03
2.826000000000000000e+03
-3.200000000000000000e+02
1.251000000000000000e+03
2.580000000000000000e+03
-2.421000000000000000e+03
2.137000000000000000e+03
6.452000000000000000e+03
2.639000000000000000e+03
3.100000000000000000e+02
3.823000000000000000e+03
3.320000000000000000e+03
-8.600000000000000000e+02
3.007000000000000000e+03
1.832000000000000000e+03
-2.884000000000000000e+03
2.580000000000000000e+02
-1.566000000000000000e+03
-5.646000000000000000e+03
-3.545000000000000000e+03
-2.353000000000000000e+03
-7.506000000000000000e+03
-8.101000000000000000e+03
-1.910000000000000000e+02
-1.786000000000000000e+03
-4.941000000000000000e+03
-1.338000000000000000e+03
-3.980000000000000000e+03
-7.526000000000000000e+03
-1.222000000000000000e+03
2.219000000000000000e+03
-6.181000000000000000e+03
-3.658000000000000000e+03
4.706000000000000000e+03
1.300000000000000000e+01
-2.950000000000000000e+03
1.017000000000000000e+03
-3.060000000000000000e+02
-4.880000000000000000e+03
-1.291000000000000000e+03
1.174000000000000000e+03
5.200000000000000000e+01
1.019000000000000000e+03
-2.150000000000000000e+02
-1.071000000000000000e+03
4.870000000000000000e+02
9.540000000000000000e+02
-2.548000000000000000e+03
-1.621000000000000000e+03
2.369000000000000000e+03
5.370000000000000000e+02
1.140000000000000000e+02
2.616000000000000000e+03
2.357000000000000000e+03
-1.127000000000000000e+03
-2.089000000000000000e+03
1.383000000000000000e+03
1.951000000000000000e+03
8.630000000000000000e+02
8.690000000000000000e+02
1.842000000000000000e+03
3.832000000000000000e+03
3.655000000000000000e+03
3.057000000000000000e+03
2.098000000000000000e+03
2.175000000000000000e+03
1.587000000000000000e+03
7.730000000000000000e+02
2.355000000000000000e+03
1.129000000000000000e+03
1.460000000000000000e+02
5.610000000000000000e+02
1.538000000000000000e+03
3.029000000000000000e+03
1.552000000000000000e+03
8.290000000000000000e+02
2.192000000000000000e+03
1.963000000000000000e+03
-5.960000000000000000e+02
3.800000000000000000e+02
1.387000000000000000e+03
-7.600000000000000000e+01
1.187000000000000000e+03
1.409000000000000000e+03
3.666000000000000000e+03
5.981000000000000000e+03
1.913000000000000000e+03
8.170000000000000000e+02
5.840000000000000000e+03
6.133000000000000000e+03
2.485000000000000000e+03
3.402000000000000000e+03
2.012000000000000000e+03
-1.490000000000000000e+02
3.214000000000000000e+03
6.130000000000000000e+02
-4.805000000000000000e+03
-4.126000000000000000e+03
-4.921000000000000000e+03
-8.283000000000000000e+03
-9.725000000000000000e+03
-5.472000000000000000e+03
-8.061000000000000000e+03
-1.100700000000000000e+04
-5.571000000000000000e+03
-6.120000000000000000e+03
-3.998000000000000000e+03
-3.450000000000000000e+02
-1.417000000000000000e+03
-6.570000000000000000e+03
-5.525000000000000000e+03
3.179000000000000000e+03
-1.330000000000000000e+02
-4.206000000000000000e+03
-2.115000000000000000e+03
1.262000000000000000e+03
1.085000000000000000e+03
-7.760000000000000000e+02
-5.900000000000000000e+02
-9.790000000000000000e+02
-7.470000000000000000e+02
-4.926000000000000000e+03
-4.075000000000000000e+03
9.140000000000000000e+02
-2.620000000000000000e+02
-3.879000000000000000e+03
-2.581000000000000000e+03
3.278000000000000000e+03
3.571000000000000000e+03
4.520000000000000000e+02
2.640000000000000000e+02
4.041000000000000000e+03
4.591000000000000000e+03
1.212000000000000000e+03
2.240000000000000000e+03
3.341000000000000000e+03
1.730000000000000000e+03
-1.900000000000000000e+01
7.000000000000000000e+02
2.445000000000000000e+03
1.872000000000000000e+03
2.620000000000000000e+02
3.790000000000000000e+02
3.070000000000000000e+03
2.465000000000000000e+03
1.640000000000000000e+03
3.820000000000000000e+03
3.451000000000000000e+03
1.435000000000000000e+03
2.139000000000000000e+03
3.787000000000000000e+03
1.991000000000000000e+03
-9.380000000000000000e+02
-2.199000000000000000e+03
-1.705000000000000000e+03
-1.410000000000000000e+03
-9.100000000000000000e+01
6.760000000000000000e+02
1.212000000000000000e+03
2.920000000000000000e+03
2.089000000000000000e+03
4.304000000000000000e+03
6.505000000000000000e+03
6.209000000000000000e+03
6.572000000000000000e+03
9.109000000000000000e+03
1.467000000000000000e+04
1.311400000000000000e+04
1.323500000000000000e+04
1.226600000000000000e+04
4.693000000000000000e+03
4.339000000000000000e+03
2.774000000000000000e+03
-4.199000000000000000e+03
-7.646000000000000000e+03
-4.025000000000000000e+03
-5.923000000000000000e+03
-1.270800000000000000e+04
-7.798000000000000000e+03
-9.981000000000000000e+03
-1.863600000000000000e+04
-1.604400000000000000e+04
-1.275700000000000000e+04
-1.405900000000000000e+04
-1.309100000000000000e+04
-7.268000000000000000e+03
-3.885000000000000000e+03
-3.181000000000000000e+03
-1.403000000000000000e+03
6.880000000000000000e+02
1.240000000000000000e+02
-3.650000000000000000e+02
-6.460000000000000000e+02
8.770000000000000000e+02
3.949000000000000000e+03
3.078000000000000000e+03
4.398000000000000000e+03
4.059000000000000000e+03
1.265000000000000000e+03
5.700000000000000000e+02
-1.278000000000000000e+03
-3.164000000000000000e+03
-4.811000000000000000e+03
-4.438000000000000000e+03
-3.941000000000000000e+03
-3.076000000000000000e+03
1.690000000000000000e+02
-1.027000000000000000e+03
-3.281000000000000000e+03
2.560000000000000000e+02
2.969000000000000000e+03
6.100000000000000000e+02
1.477000000000000000e+03
5.063000000000000000e+03
4.787000000000000000e+03
4.742000000000000000e+03
6.085000000000000000e+03
4.671000000000000000e+03
1.981000000000000000e+03
1.583000000000000000e+03
-2.370000000000000000e+02
-2.760000000000000000e+02
1.600000000000000000e+03
-5.830000000000000000e+02
-1.457000000000000000e+03
1.797000000000000000e+03
3.848000000000000000e+03
9.690000000000000000e+02
-1.040000000000000000e+02
2.314000000000000000e+03
2.847000000000000000e+03
2.694000000000000000e+03
2.842000000000000000e+03
2.269000000000000000e+03
5.280000000000000000e+02
-3.800000000000000000e+02
-1.335000000000000000e+03
-3.032000000000000000e+03
-2.559000000000000000e+03
-1.238000000000000000e+03
-5.470000000000000000e+02
2.521000000000000000e+03
5.232000000000000000e+03
5.108000000000000000e+03
8.234000000000000000e+03
1.240600000000000000e+04
1.343400000000000000e+04
1.710500000000000000e+04
1.864200000000000000e+04
1.594300000000000000e+04
1.545200000000000000e+04
1.227900000000000000e+04
5.184000000000000000e+03
-1.592000000000000000e+03
-4.268000000000000000e+03
-7.842000000000000000e+03
-1.318200000000000000e+04
-1.259200000000000000e+04
-1.431900000000000000e+04
-1.840300000000000000e+04
-1.916000000000000000e+04
-1.645000000000000000e+04
-1.733700000000000000e+04
-1.953600000000000000e+04
-1.298700000000000000e+04
-8.691000000000000000e+03
-6.602000000000000000e+03
-1.911000000000000000e+03
1.489000000000000000e+03
2.409000000000000000e+03
2.314000000000000000e+03
4.539000000000000000e+03
5.189000000000000000e+03
5.250000000000000000e+03
5.615000000000000000e+03
4.593000000000000000e+03
5.998000000000000000e+03
5.813000000000000000e+03
1.921000000000000000e+03
-3.500000000000000000e+02
-7.060000000000000000e+02
-3.774000000000000000e+03
-6.904000000000000000e+03
-3.957000000000000000e+03
-2.302000000000000000e+03
-4.267000000000000000e+03
-3.586000000000000000e+03
-3.655000000000000000e+03
-2.748000000000000000e+03
-9.760000000000000000e+02
-1.040000000000000000e+03
-5.950000000000000000e+02
1.621000000000000000e+03
4.055000000000000000e+03
4.496000000000000000e+03
5.580000000000000000e+03
6.211000000000000000e+03
5.483000000000000000e+03
3.324000000000000000e+03
1.466000000000000000e+03
2.748000000000000000e+03
1.953000000000000000e+03
5.650000000000000000e+02
-4.540000000000000000e+02
-1.637000000000000000e+03
-1.489000000000000000e+03
-2.278000000000000000e+03
-3.214000000000000000e+03
-3.718000000000000000e+03
-3.465000000000000000e+03
-2.505000000000000000e+03
-9.560000000000000000e+02
8.710000000000000000e+02
2.053000000000000000e+03
3.037000000000000000e+03
3.731000000000000000e+03
2.940000000000000000e+03
9.930000000000000000e+02
1.820000000000000000e+02
-9.410000000000000000e+02
-1.878000000000000000e+03
-4.860000000000000000e+02
1.258000000000000000e+03
2.237000000000000000e+03
4.148000000000000000e+03
5.286000000000000000e+03
5.181000000000000000e+03
7.203000000000000000e+03
1.073700000000000000e+04
1.425800000000000000e+04
1.731400000000000000e+04
2.143700000000000000e+04
1.936400000000000000e+04
1.375100000000000000e+04
1.288500000000000000e+04
4.891000000000000000e+03
-3.915000000000000000e+03
-5.490000000000000000e+03
-1.027600000000000000e+04
-1.375800000000000000e+04
-1.025900000000000000e+04
-9.926000000000000000e+03
-1.431400000000000000e+04
-1.494200000000000000e+04
-1.479700000000000000e+04
-1.785300000000000000e+04
-1.568400000000000000e+04
-9.191000000000000000e+03
-7.622000000000000000e+03
-4.677000000000000000e+03
1.019000000000000000e+03
3.753000000000000000e+03
4.548000000000000000e+03
4.707000000000000000e+03
3.493000000000000000e+03
1.835000000000000000e+03
2.242000000000000000e+03
2.734000000000000000e+03
2.790000000000000000e+03
2.978000000000000000e+03
1.811000000000000000e+03
3.900000000000000000e+01
-8.690000000000000000e+02
-2.101000000000000000e+03
-4.651000000000000000e+03
-7.799000000000000000e+03
-8.665000000000000000e+03
-7.830000000000000000e+03
-6.357000000000000000e+03
-3.058000000000000000e+03
-3.119000000000000000e+03
-2.075000000000000000e+03
2.081000000000000000e+03
1.937000000000000000e+03
2.922000000000000000e+03
5.018000000000000000e+03
4.761000000000000000e+03
5.473000000000000000e+03
8.214000000000000000e+03
1.128700000000000000e+04
9.527000000000000000e+03
7.794000000000000000e+03
7.511000000000000000e+03
3.978000000000000000e+03
2.184000000000000000e+03
9.170000000000000000e+02
-2.079000000000000000e+03
-4.885000000000000000e+03
-5.357000000000000000e+03
-4.471000000000000000e+03
-6.050000000000000000e+03
-6.091000000000000000e+03
-5.150000000000000000e+03
-7.481000000000000000e+03
-6.400000000000000000e+03
-2.765000000000000000e+03
-2.463000000000000000e+03
-7.250000000000000000e+02
1.788000000000000000e+03
2.039000000000000000e+03
2.816000000000000000e+03
4.752000000000000000e+03
4.098000000000000000e+03
1.859000000000000000e+03
1.424000000000000000e+03
1.382000000000000000e+03
8.880000000000000000e+02
8.700000000000000000e+01
-2.320000000000000000e+02
1.470000000000000000e+02
5.370000000000000000e+02
5.790000000000000000e+02
8.830000000000000000e+02
1.769000000000000000e+03
3.215000000000000000e+03
6.348000000000000000e+03
9.712000000000000000e+03
1.293300000000000000e+04
1.525700000000000000e+04
1.461900000000000000e+04
1.197500000000000000e+04
7.383000000000000000e+03
4.832000000000000000e+03
1.108000000000000000e+03
-4.388000000000000000e+03
-6.335000000000000000e+03
-6.542000000000000000e+03
-3.938000000000000000e+03
-4.254000000000000000e+03
-5.033000000000000000e+03
-7.890000000000000000e+03
-1.219500000000000000e+04
-1.129100000000000000e+04
-1.222300000000000000e+04
-1.144800000000000000e+04
-9.773000000000000000e+03
-6.334000000000000000e+03
-2.563000000000000000e+03
-2.070000000000000000e+02
2.091000000000000000e+03
5.510000000000000000e+02
-4.190000000000000000e+02
-1.534000000000000000e+03
-1.548000000000000000e+03
1.190000000000000000e+02
2.722000000000000000e+03
3.720000000000000000e+03
2.666000000000000000e+03
3.705000000000000000e+03
3.172000000000000000e+03
-5.560000000000000000e+02
-4.259000000000000000e+03
-5.608000000000000000e+03
-6.296000000000000000e+03
-5.157000000000000000e+03
-3.020000000000000000e+03
-1.307000000000000000e+03
7.590000000000000000e+02
1.377000000000000000e+03
5.190000000000000000e+02
-3.890000000000000000e+02
4.930000000000000000e+02
-3.410000000000000000e+02
-9.130000000000000000e+02
2.148000000000000000e+03
4.300000000000000000e+03
6.262000000000000000e+03
6.721000000000000000e+03
5.704000000000000000e+03
3.949000000000000000e+03
5.490000000000000000e+02
-1.384000000000000000e+03
-2.950000000000000000e+03
-3.482000000000000000e+03
-3.353000000000000000e+03
-3.414000000000000000e+03
-2.209000000000000000e+03
-8.170000000000000000e+02
-7.170000000000000000e+02
-1.367000000000000000e+03
-1.950000000000000000e+03
-2.211000000000000000e+03
-7.790000000000000000e+02
1.500000000000000000e+03
5.063000000000000000e+03
6.969000000000000000e+03
5.558000000000000000e+03
4.456000000000000000e+03
3.709000000000000000e+03
1.424000000000000000e+03
-1.889000000000000000e+03
-3.501000000000000000e+03
-4.124000000000000000e+03
-4.477000000000000000e+03
-3.101000000000000000e+03
-2.065000000000000000e+03
-2.989000000000000000e+03
-3.297000000000000000e+03
-2.869000000000000000e+03
-1.606000000000000000e+03
4.710000000000000000e+02
1.601000000000000000e+03
1.572000000000000000e+03
1.749000000000000000e+03
2.585000000000000000e+03
3.812000000000000000e+03
4.868000000000000000e+03
7.599000000000000000e+03
1.329700000000000000e+04
1.700600000000000000e+04
1.943600000000000000e+04
1.859100000000000000e+04
1.327400000000000000e+04
7.661000000000000000e+03
2.011000000000000000e+03
-2.826000000000000000e+03
-7.469000000000000000e+03
-9.060000000000000000e+03
-7.382000000000000000e+03
-5.462000000000000000e+03
-5.056000000000000000e+03
-7.497000000000000000e+03
-1.064700000000000000e+04
-1.223000000000000000e+04
-1.354300000000000000e+04
-1.415300000000000000e+04
-1.254200000000000000e+04
-9.682000000000000000e+03
-5.487000000000000000e+03
-2.897000000000000000e+03
-5.660000000000000000e+02
1.911000000000000000e+03
8.890000000000000000e+02
-7.800000000000000000e+02
-1.028000000000000000e+03
2.030000000000000000e+02
2.244000000000000000e+03
3.495000000000000000e+03
4.925000000000000000e+03
6.229000000000000000e+03
6.604000000000000000e+03
6.454000000000000000e+03
4.815000000000000000e+03
2.008000000000000000e+03
-1.600000000000000000e+03
-3.413000000000000000e+03
-3.602000000000000000e+03
-4.087000000000000000e+03
-2.887000000000000000e+03
-2.080000000000000000e+03
-2.560000000000000000e+03
-1.944000000000000000e+03
-1.485000000000000000e+03
-3.192000000000000000e+03
-4.121000000000000000e+03
-4.154000000000000000e+03
-4.821000000000000000e+03
-4.002000000000000000e+03
-1.581000000000000000e+03
6.190000000000000000e+02
1.868000000000000000e+03
2.643000000000000000e+03
2.894000000000000000e+03
2.582000000000000000e+03
2.591000000000000000e+03
2.890000000000000000e+03
1.519000000000000000e+03
1.782000000000000000e+03
3.479000000000000000e+03
3.359000000000000000e+03
3.905000000000000000e+03
3.760000000000000000e+03
2.369000000000000000e+03
1.814000000000000000e+03
1.985000000000000000e+03
2.231000000000000000e+03
1.659000000000000000e+03
2.325000000000000000e+03
2.573000000000000000e+03
1.210000000000000000e+03
1.446000000000000000e+03
3.250000000000000000e+02
-2.910000000000000000e+02
-1.192000000000000000e+03
-2.896000000000000000e+03
-1.685000000000000000e+03
-1.180000000000000000e+03
-5.450000000000000000e+02
-9.980000000000000000e+02
-1.748000000000000000e+03
-1.643000000000000000e+03
-1.775000000000000000e+03
-1.820000000000000000e+03
-2.860000000000000000e+03
-2.808000000000000000e+03
-2.631000000000000000e+03
-2.157000000000000000e+03
-1.829000000000000000e+03
-1.962000000000000000e+03
-8.900000000000000000e+02
-1.298000000000000000e+03
2.230000000000000000e+02
6.837000000000000000e+03
1.110800000000000000e+04
1.357100000000000000e+04
1.667200000000000000e+04
1.709100000000000000e+04
1.320100000000000000e+04
8.890000000000000000e+03
4.732000000000000000e+03
-2.583000000000000000e+03
-4.398000000000000000e+03
-3.651000000000000000e+03
-4.283000000000000000e+03
-2.368000000000000000e+03
-1.771000000000000000e+03
-5.081000000000000000e+03
-1.035500000000000000e+04
-1.339700000000000000e+04
-1.598100000000000000e+04
-1.650000000000000000e+04
-1.447000000000000000e+04
-1.163300000000000000e+04
-7.598000000000000000e+03
-3.211000000000000000e+03
1.455000000000000000e+03
2.485000000000000000e+03
1.719000000000000000e+03
1.786000000000000000e+03
5.100000000000000000e+02
-1.199000000000000000e+03
-2.280000000000000000e+02
2.767000000000000000e+03
4.400000000000000000e+03
5.780000000000000000e+03
6.317000000000000000e+03
5.351000000000000000e+03
3.944000000000000000e+03
-8.700000000000000000e+01
-4.749000000000000000e+03
-6.345000000000000000e+03
-6.379000000000000000e+03
-6.690000000000000000e+03
-5.111000000000000000e+03
-2.153000000000000000e+03
-7.210000000000000000e+02
-2.950000000000000000e+02
-2.860000000000000000e+02
-4.160000000000000000e+02
-1.306000000000000000e+03
-2.844000000000000000e+03
-2.516000000000000000e+03
-1.440000000000000000e+02
2.256000000000000000e+03
3.502000000000000000e+03
4.955000000000000000e+03
6.626000000000000000e+03
6.662000000000000000e+03
5.561000000000000000e+03
4.439000000000000000e+03
4.014000000000000000e+03
4.102000000000000000e+03
3.904000000000000000e+03
4.264000000000000000e+03
5.401000000000000000e+03
5.108000000000000000e+03
4.118000000000000000e+03
3.612000000000000000e+03
2.450000000000000000e+03
1.083000000000000000e+03
3.340000000000000000e+02
8.330000000000000000e+02
1.195000000000000000e+03
3.950000000000000000e+02
-9.870000000000000000e+02
-2.585000000000000000e+03
-3.341000000000000000e+03
-4.401000000000000000e+03
-5.371000000000000000e+03
-3.876000000000000000e+03
-2.217000000000000000e+03
-2.063000000000000000e+03
-1.026000000000000000e+03
6.950000000000000000e+02
1.012000000000000000e+03
-3.340000000000000000e+02
-1.856000000000000000e+03
-2.163000000000000000e+03
-1.859000000000000000e+03
-1.543000000000000000e+03
-1.861000000000000000e+03
-2.011000000000000000e+03
-2.007000000000000000e+03
-3.545000000000000000e+03
-5.172000000000000000e+03
-6.080000000000000000e+03
-5.444000000000000000e+03
-3.893000000000000000e+03
-1.922000000000000000e+03
1.655000000000000000e+03
5.019000000000000000e+03
7.625000000000000000e+03
1.216200000000000000e+04
1.710200000000000000e+04
1.528800000000000000e+04
1.179800000000000000e+04
9.403000000000000000e+03
5.048000000000000000e+03
2.766000000000000000e+03
1.250000000000000000e+02
-3.345000000000000000e+03
-5.631000000000000000e+03
-4.206000000000000000e+03
-3.369000000000000000e+03
-5.426000000000000000e+03
-6.315000000000000000e+03
-1.018400000000000000e+04
-1.350900000000000000e+04
-1.352600000000000000e+04
-1.247800000000000000e+04
-1.001600000000000000e+04
-6.397000000000000000e+03
-4.198000000000000000e+03
-3.767000000000000000e+03
-2.488000000000000000e+03
-9.550000000000000000e+02
5.630000000000000000e+02
5.230000000000000000e+02
7.350000000000000000e+02
2.566000000000000000e+03
5.627000000000000000e+03
9.115000000000000000e+03
9.635000000000000000e+03
9.138000000000000000e+03
7.999000000000000000e+03
4.639000000000000000e+03
1.199000000000000000e+03
-5.840000000000000000e+02
-1.411000000000000000e+03
-3.177000000000000000e+03
-3.858000000000000000e+03
-2.360000000000000000e+03
-1.037000000000000000e+03
-6.350000000000000000e+02
-1.706000000000000000e+03
-2.452000000000000000e+03
-2.732000000000000000e+03
-3.720000000000000000e+03
-2.956000000000000000e+03
7.100000000000000000e+01
2.800000000000000000e+03
4.574000000000000000e+03
6.291000000000000000e+03
7.265000000000000000e+03
7.730000000000000000e+03
7.189000000000000000e+03
4.297000000000000000e+03
2.007000000000000000e+03
3.002000000000000000e+03
3.640000000000000000e+03
2.736000000000000000e+03
2.525000000000000000e+03
2.145000000000000000e+03
3.310000000000000000e+02
-2.121000000000000000e+03
-2.929000000000000000e+03
-3.463000000000000000e+03
-4.915000000000000000e+03
-5.199000000000000000e+03
-3.524000000000000000e+03
-1.725000000000000000e+03
-1.210000000000000000e+03
-1.286000000000000000e+03
-2.552000000000000000e+03
-4.128000000000000000e+03
-4.181000000000000000e+03
-3.672000000000000000e+03
-2.812000000000000000e+03
-1.502000000000000000e+03
-3.500000000000000000e+02
5.870000000000000000e+02
1.945000000000000000e+03
3.660000000000000000e+03
3.028000000000000000e+03
1.538000000000000000e+03
1.399000000000000000e+03
1.493000000000000000e+03
1.517000000000000000e+03
8.930000000000000000e+02
1.400000000000000000e+01
-1.918000000000000000e+03
-4.649000000000000000e+03
-6.751000000000000000e+03
-8.001000000000000000e+03
-8.369000000000000000e+03
-8.185000000000000000e+03
-5.593000000000000000e+03
-1.253000000000000000e+03
2.500000000000000000e+03
6.606000000000000000e+03
9.592000000000000000e+03
1.150800000000000000e+04
1.192100000000000000e+04
9.267000000000000000e+03
6.104000000000000000e+03
4.726000000000000000e+03
6.033000000000000000e+03
4.950000000000000000e+03
3.413000000000000000e+03
3.789000000000000000e+03
3.054000000000000000e+03
3.065000000000000000e+03
5.580000000000000000e+02
-4.132000000000000000e+03
-8.330000000000000000e+03
-9.816000000000000000e+03
-9.294000000000000000e+03
-8.777000000000000000e+03
-7.093000000000000000e+03
-5.893000000000000000e+03
-4.768000000000000000e+03
-5.002000000000000000e+03
-5.171000000000000000e+03
-4.186000000000000000e+03
-3.313000000000000000e+03
-2.670000000000000000e+03
-2.277000000000000000e+03
8.840000000000000000e+02
4.872000000000000000e+03
6.894000000000000000e+03
6.465000000000000000e+03
5.253000000000000000e+03
4.911000000000000000e+03
3.215000000000000000e+03
1.063000000000000000e+03
1.300000000000000000e+01
8.000000000000000000e+01
5.840000000000000000e+02
4.240000000000000000e+02
6.540000000000000000e+02
1.854000000000000000e+03
1.528000000000000000e+03
-1.527000000000000000e+03
-3.369000000000000000e+03
-2.243000000000000000e+03
-1.581000000000000000e+03
-1.679000000000000000e+03
-7.400000000000000000e+01
2.526000000000000000e+03
3.494000000000000000e+03
2.572000000000000000e+03
1.835000000000000000e+03
1.143000000000000000e+03
5.090000000000000000e+02
1.620000000000000000e+02
-2.570000000000000000e+02
8.690000000000000000e+02
1.935000000000000000e+03
1.238000000000000000e+03
5.330000000000000000e+02
2.660000000000000000e+02
-1.151000000000000000e+03
-2.755000000000000000e+03
-2.339000000000000000e+03
-1.017000000000000000e+03
2.500000000000000000e+01
9.410000000000000000e+02
1.921000000000000000e+03
1.929000000000000000e+03
5.860000000000000000e+02
-1.363000000000000000e+03
-2.663000000000000000e+03
-3.095000000000000000e+03
-3.942000000000000000e+03
-3.932000000000000000e+03
-2.451000000000000000e+03
-1.127000000000000000e+03
-7.330000000000000000e+02
-9.160000000000000000e+02
-6.220000000000000000e+02
-2.870000000000000000e+02
-1.080000000000000000e+03
-1.140000000000000000e+03
6.300000000000000000e+01
1.102000000000000000e+03
1.950000000000000000e+03
2.298000000000000000e+03
2.229000000000000000e+03
1.561000000000000000e+03
3.410000000000000000e+02
-1.415000000000000000e+03
-2.553000000000000000e+03
-1.924000000000000000e+03
-1.673000000000000000e+03
-1.248000000000000000e+03
7.580000000000000000e+02
2.138000000000000000e+03
2.736000000000000000e+03
4.924000000000000000e+03
8.801000000000000000e+03
1.079600000000000000e+04
9.737000000000000000e+03
8.538000000000000000e+03
5.947000000000000000e+03
3.079000000000000000e+03
2.840000000000000000e+03
-4.000000000000000000e+00
-3.970000000000000000e+03
-3.864000000000000000e+03
-2.259000000000000000e+03
-1.882000000000000000e+03
-2.251000000000000000e+03
-2.634000000000000000e+03
-5.722000000000000000e+03
-6.742000000000000000e+03
-4.595000000000000000e+03
-4.997000000000000000e+03
-4.783000000000000000e+03
-3.732000000000000000e+03
-2.584000000000000000e+03
-1.574000000000000000e+03
-7.120000000000000000e+02
2.120000000000000000e+02
5.100000000000000000e+01
-5.350000000000000000e+02
-1.801000000000000000e+03
-1.842000000000000000e+03
1.680000000000000000e+02
2.612000000000000000e+03
1.937000000000000000e+03
6.310000000000000000e+02
2.257000000000000000e+03
2.709000000000000000e+03
0.000000000000000000e+00
0.000000000000000000e+00
0.000000000000000000e+00
0.000000000000000000e+00
0.000000000000000000e+00
0.000000000000000000e+00
0.000000000000000000e+00
0.000000000000000000e+00
0.000000000000000000e+00
0.000000000000000000e+00
0.000000000000000000e+00
0.000000000000000000e+00
0.000000000000000000e+00
0.000000000000000000e+00
0.000000000000000000e+00
0.000000000000000000e+00
0.000000000000000000e+00
0.000000000000000000e+00
0.000000000000000000e+00
0.000000000000000000e+00
0.000000000000000000e+00
0.000000000000000000e+00
0.000000000000000000e+00
0.000000000000000000e+00
0.000000000000000000e+00
0.000000000000000000e+00
0.000000000000000000e+00
0.000000000000000000e+00
0.000000000000000000e+00
0.000000000000000000e+00
0.000000000000000000e+00
0.000000000000000000e+00
0.000000000000000000e+00
0.000000000000000000e+00
0.000000000000000000e+00
0.000000000000000000e+00
0.000000000000000000e+00
0.000000000000000000e+00
0.000000000000000000e+00
0.000000000000000000e+00
0.000000000000000000e+00
0.000000000000000000e+00
0.000000000000000000e+00
0.000000000000000000e+00
0.000000000000000000e+00
0.000000000000000000e+00
0.000000000000000000e+00
0.000000000000000000e+00
0.000000000000000000e+00
0.000000000000000000e+00
0.000000000000000000e+00
0.000000000000000000e+00
0.000000000000000000e+00
0.000000000000000000e+00
0.000000000000000000e+00
0.000000000000000000e+00
0.000000000000000000e+00
0.000000000000000000e+00
0.000000000000000000e+00
0.000000000000000000e+00
0.000000000000000000e+00
0.000000000000000000e+00
0.000000000000000000e+00
0.000000000000000000e+00
0.000000000000000000e+00
0.000000000000000000e+00
0.000000000000000000e+00
0.000000000000000000e+00
0.000000000000000000e+00
0.000000000000000000e+00
0.000000000000000000e+00
0.000000000000000000e+00
0.000000000000000000e+00
0.000000000000000000e+00
0.000000000000000000e+00
0.000000000000000000e+00
0.000000000000000000e+00
0.000000000000000000e+00
0.000000000000000000e+00
0.000000000000000000e+00
0.000000000000000000e+00
0.000000000000000000e+00
0.000000000000000000e+00
0.000000000000000000e+00
0.000000000000000000e+00
0.000000000000000000e+00
0.000000000000000000e+00
0.000000000000000000e+00
0.000000000000000000e+00
0.000000000000000000e+00
0.000000000000000000e+00
0.000000000000000000e+00
0.000000000000000000e+00
0.000000000000000000e+00
0.000000000000000000e+00
0.000000000000000000e+00
0.000000000000000000e+00
0.000000000000000000e+00
0.000000000000000000e+00
0.000000000000000000e+00
0.000000000000000000e+00
0.000000000000000000e+00
0.000000000000000000e+00
0.000000000000000000e+00
0.000000000000000000e+00
0.000000000000000000e+00
0.000000000000000000e+00
0.000000000000000000e+00
0.000000000000000000e+00
0.000000000000000000e+00
0.000000000000000000e+00
0.000000000000000000e+00
0.000000000000000000e+00
0.000000000000000000e+00
0.000000000000000000e+00
0.000000000000000000e+00
0.000000000000000000e+00
0.000000000000000000e+00
0.000000000000000000e+00
0.000000000000000000e+00
0.000000000000000000e+00
0.000000000000000000e+00
0.000000000000000000e+00
0.000000000000000000e+00
0.000000000000000000e+00
0.000000000000000000e+00
0.000000000000000000e+00
0.000000000000000000e+00
0.000000000000000000e+00
0.000000000000000000e+00
0.000000000000000000e+00
0.000000000000000000e+00
0.000000000000000000e+00
0.000000000000000000e+00
0.000000000000000000e+00
0.000000000000000000e+00
0.000000000000000000e+00
0.000000000000000000e+00
0.000000000000000000e+00
0.000000000000000000e+00
0.000000000000000000e+00
0.000000000000000000e+00
0.000000000000000000e+00
0.000000000000000000e+00
0.000000000000000000e+00
0.000000000000000000e+00
0.000000000000000000e+00
0.000000000000000000e+00
0.000000000000000000e+00
0.000000000000000000e+00
0.000000000000000000e+00
0.000000000000000000e+00
0.000000000000000000e+00
0.000000000000000000e+00
0.000000000000000000e+00
0.000000000000000000e+00
0.000000000000000000e+00
0.000000000000000000e+00
0.000000000000000000e+00
0.000000000000000000e+00
0.000000000000000000e+00
0.000000000000000000e+00
0.000000000000000000e+00
0.000000000000000000e+00
0.000000000000000000e+00
0.000000000000000000e+00
0.000000000000000000e+00
0.000000000000000000e+00
0.000000000000000000e+00
0.000000000000000000e+00
0.000000000000000000e+00
0.000000000000000000e+00
0.000000000000000000e+00
0.000000000000000000e+00
0.000000000000000000e+00
0.000000000000000000e+00
0.000000000000000000e+00
0.000000000000000000e+00
0.000000000000000000e+00
0.000000000000000000e+00
0.000000000000000000e+00
0.000000000000000000e+00
0.000000000000000000e+00
0.000000000000000000e+00
0.000000000000000000e+00
0.000000000000000000e+00
0.000000000000000000e+00
0.000000000000000000e+00
0.000000000000000000e+00
0.000000000000000000e+00
0.000000000000000000e+00
0.000000000000000000e+00
0.000000000000000000e+00
0.000000000000000000e+00
0.000000000000000000e+00
0.000000000000000000e+00
0.000000000000000000e+00
0.000000000000000000e+00
0.000000000000000000e+00
0.000000000000000000e+00
0.000000000000000000e+00
0.000000000000000000e+00
0.000000000000000000e+00
0.000000000000000000e+00
0.000000000000000000e+00
0.000000000000000000e+00
0.000000000000000000e+00
0.000000000000000000e+00
0.000000000000000000e+00
0.000000000000000000e+00
0.000000000000000000e+00
0.000000000000000000e+00
0.000000000000000000e+00
0.000000000000000000e+00
0.000000000000000000e+00
0.000000000000000000e+00
0.000000000000000000e+00
0.000000000000000000e+00
0.000000000000000000e+00
0.000000000000000000e+00
0.000000000000000000e+00
0.000000000000000000e+00
0.000000000000000000e+00
0.000000000000000000e+00
0.000000000000000000e+00
0.000000000000000000e+00
0.000000000000000000e+00
0.000000000000000000e+00
0.000000000000000000e+00
0.000000000000000000e+00
0.000000000000000000e+00
0.000000000000000000e+00
0.000000000000000000e+00
0.000000000000000000e+00
0.000000000000000000e+00
0.000000000000000000e+00
0.000000000000000000e+00
0.000000000000000000e+00
0.000000000000000000e+00
0.000000000000000000e+00
0.000000000000000000e+00
0.000000000000000000e+00
0.000000000000000000e+00
0.000000000000000000e+00
0.000000000000000000e+00
0.000000000000000000e+00
0.000000000000000000e+00
0.000000000000000000e+00
0.000000000000000000e+00
0.000000000000000000e+00
0.000000000000000000e+00
0.000000000000000000e+00
0.000000000000000000e+00
0.000000000000000000e+00
0.000000000000000000e+00
0.000000000000000000e+00
0.000000000000000000e+00
0.000000000000000000e+00
0.000000000000000000e+00
0.000000000000000000e+00
0.000000000000000000e+00
0.000000000000000000e+00
0.000000000000000000e+00
0.000000000000000000e+00
0.000000000000000000e+00
0.000000000000000000e+00
0.000000000000000000e+00
0.000000000000000000e+00
0.000000000000000000e+00
0.000000000000000000e+00
0.000000000000000000e+00
0.000000000000000000e+00
0.000000000000000000e+00
0.000000000000000000e+00
0.000000000000000000e+00
0.000000000000000000e+00
0.000000000000000000e+00
0.000000000000000000e+00
0.000000000000000000e+00
0.000000000000000000e+00
0.000000000000000000e+00
0.000000000000000000e+00
0.000000000000000000e+00
0.000000000000000000e+00
0.000000000000000000e+00
0.000000000000000000e+00
0.000000000000000000e+00
0.000000000000000000e+00
0.000000000000000000e+00
0.000000000000000000e+00
0.000000000000000000e+00
0.000000000000000000e+00
0.000000000000000000e+00
0.000000000000000000e+00
0.000000000000000000e+00
0.000000000000000000e+00
0.000000000000000000e+00
0.000000000000000000e+00
0.000000000000000000e+00
0.000000000000000000e+00
0.000000000000000000e+00
0.000000000000000000e+00
0.000000000000000000e+00
0.000000000000000000e+00
0.000000000000000000e+00
0.000000000000000000e+00
0.000000000000000000e+00
0.000000000000000000e+00
0.000000000000000000e+00
0.000000000000000000e+00
0.000000000000000000e+00
0.000000000000000000e+00
0.000000000000000000e+00
0.000000000000000000e+00
0.000000000000000000e+00
0.000000000000000000e+00
0.000000000000000000e+00
0.000000000000000000e+00
0.000000000000000000e+00
0.000000000000000000e+00
0.000000000000000000e+00
0.000000000000000000e+00
0.000000000000000000e+00
0.000000000000000000e+00
0.000000000000000000e+00
0.000000000000000000e+00
0.000000000000000000e+00
0.000000000000000000e+00
0.000000000000000000e+00
0.000000000000000000e+00
0.000000000000000000e+00
0.000000000000000000e+00
0.000000000000000000e+00
0.000000000000000000e+00
0.000000000000000000e+00
0.000000000000000000e+00
0.000000000000000000e+00
0.000000000000000000e+00
0.000000000000000000e+00
0.000000000000000000e+00
0.000000000000000000e+00
0.000000000000000000e+00
0.000000000000000000e+00
0.000000000000000000e+00
0.000000000000000000e+00
0.000000000000000000e+00
0.000000000000000000e+00
0.000000000000000000e+00
0.000000000000000000e+00
0.000000000000000000e+00
0.000000000000000000e+00
0.000000000000000000e+00
0.000000000000000000e+00
0.000000000000000000e+00
0.000000000000000000e+00
0.000000000000000000e+00
0.000000000000000000e+00
0.000000000000000000e+00
0.000000000000000000e+00
0.000000000000000000e+00
0.000000000000000000e+00
0.000000000000000000e+00
0.000000000000000000e+00
0.000000000000000000e+00
0.000000000000000000e+00
0.000000000000000000e+00
0.000000000000000000e+00
0.000000000000000000e+00
0.000000000000000000e+00
0.000000000000000000e+00
0.000000000000000000e+00
0.000000000000000000e+00
0.000000000000000000e+00
0.000000000000000000e+00
0.000000000000000000e+00
0.000000000000000000e+00
0.000000000000000000e+00
0.000000000000000000e+00
0.000000000000000000e+00
0.000000000000000000e+00
0.000000000000000000e+00
0.000000000000000000e+00
0.000000000000000000e+00
0.000000000000000000e+00
0.000000000000000000e+00
0.000000000000000000e+00
0.000000000000000000e+00
0.000000000000000000e+00
0.000000000000000000e+00
0.000000000000000000e+00
0.000000000000000000e+00
0.000000000000000000e+00
0.000000000000000000e+00
0.000000000000000000e+00
0.000000000000000000e+00
0.000000000000000000e+00
0.000000000000000000e+00
0.000000000000000000e+00
0.000000000000000000e+00
0.000000000000000000e+00
0.000000000000000000e+00
0.000000000000000000e+00
0.000000000000000000e+00
0.000000000000000000e+00
0.000000000000000000e+00
0.000000000000000000e+00
0.000000000000000000e+00
0.000000000000000000e+00
0.000000000000000000e+00
0.000000000000000000e+00
0.000000000000000000e+00
0.000000000000000000e+00
0.000000000000000000e+00
0.000000000000000000e+00
0.000000000000000000e+00
0.000000000000000000e+00
0.000000000000000000e+00
0.000000000000000000e+00
0.000000000000000000e+00
0.000000000000000000e+00
0.000000000000000000e+00
0.000000000000000000e+00
0.000000000000000000e+00
0.000000000000000000e+00
0.000000000000000000e+00
0.000000000000000000e+00
0.000000000000000000e+00
0.000000000000000000e+00
0.000000000000000000e+00
0.000000000000000000e+00
0.000000000000000000e+00
0.000000000000000000e+00
0.000000000000000000e+00
0.000000000000000000e+00
0.000000000000000000e+00
0.000000000000000000e+00
0.000000000000000000e+00
0.000000000000000000e+00
0.000000000000000000e+00
0.000000000000000000e+00
0.000000000000000000e+00
0.000000000000000000e+00
0.000000000000000000e+00
0.000000000000000000e+00
0.000000000000000000e+00
0.000000000000000000e+00
0.000000000000000000e+00
0.000000000000000000e+00
0.000000000000000000e+00
0.000000000000000000e+00
0.000000000000000000e+00
0.000000000000000000e+00
0.000000000000000000e+00
0.000000000000000000e+00
0.000000000000000000e+00
0.000000000000000000e+00
0.000000000000000000e+00
0.000000000000000000e+00
0.000000000000000000e+00
0.000000000000000000e+00
0.000000000000000000e+00
0.000000000000000000e+00
0.000000000000000000e+00
0.000000000000000000e+00
0.000000000000000000e+00
0.000000000000000000e+00
0.000000000000000000e+00
0.000000000000000000e+00
0.000000000000000000e+00
0.000000000000000000e+00
0.000000000000000000e+00
0.000000000000000000e+00
0.000000000000000000e+00
0.000000000000000000e+00
0.000000000000000000e+00
0.000000000000000000e+00
0.000000000000000000e+00
0.000000000000000000e+00
0.000000000000000000e+00
0.000000000000000000e+00
0.000000000000000000e+00
0.000000000000000000e+00
0.000000000000000000e+00
0.000000000000000000e+00
0.000000000000000000e+00
0.000000000000000000e+00
0.000000000000000000e+00
0.000000000000000000e+00
0.000000000000000000e+00
0.000000000000000000e+00
0.000000000000000000e+00
0.000000000000000000e+00
0.000000000000000000e+00
0.000000000000000000e+00
0.000000000000000000e+00
0.000000000000000000e+00
0.000000000000000000e+00
0.000000000000000000e+00
0.000000000000000000e+00
0.000000000000000000e+00
0.000000000000000000e+00
0.000000000000000000e+00
0.000000000000000000e+00
0.000000000000000000e+00
0.000000000000000000e+00
0.000000000000000000e+00
0.000000000000000000e+00
0.000000000000000000e+00
0.000000000000000000e+00
0.000000000000000000e+00
0.000000000000000000e+00
0.000000000000000000e+00
0.000000000000000000e+00
0.000000000000000000e+00
0.000000000000000000e+00
0.000000000000000000e+00
0.000000000000000000e+00
0.000000000000000000e+00
0.000000000000000000e+00
0.000000000000000000e+00
0.000000000000000000e+00
0.000000000000000000e+00
0.000000000000000000e+00
0.000000000000000000e+00
0.000000000000000000e+00
0.000000000000000000e+00
0.000000000000000000e+00
0.000000000000000000e+00
0.000000000000000000e+00
0.000000000000000000e+00
0.000000000000000000e+00
0.000000000000000000e+00
0.000000000000000000e+00
0.000000000000000000e+00
0.000000000000000000e+00
0.000000000000000000e+00
0.000000000000000000e+00
0.000000000000000000e+00
0.000000000000000000e+00
0.000000000000000000e+00
0.000000000000000000e+00
0.000000000000000000e+00
0.000000000000000000e+00
0.000000000000000000e+00
0.000000000000000000e+00
0.000000000000000000e+00
0.000000000000000000e+00
0.000000000000000000e+00
0.000000000000000000e+00
0.000000000000000000e+00
0.000000000000000000e+00
0.000000000000000000e+00
0.000000000000000000e+00
0.000000000000000000e+00
0.000000000000000000e+00
0.000000000000000000e+00
0.000000000000000000e+00
0.000000000000000000e+00
0.000000000000000000e+00
0.000000000000000000e+00
0.000000000000000000e+00
0.000000000000000000e+00
0.000000000000000000e+00
0.000000000000000000e+00
0.000000000000000000e+00
0.000000000000000000e+00
0.000000000000000000e+00
0.000000000000000000e+00
0.000000000000000000e+00
0.000000000000000000e+00
0.000000000000000000e+00
0.000000000000000000e+00
0.000000000000000000e+00
0.000000000000000000e+00
0.000000000000000000e+00
0.000000000000000000e+00
0.000000000000000000e+00
0.000000000000000000e+00
0.000000000000000000e+00
0.000000000000000000e+00
0.000000000000000000e+00
0.000000000000000000e+00
0.000000000000000000e+00
0.000000000000000000e+00
0.000000000000000000e+00
0.000000000000000000e+00
0.000000000000000000e+00
0.000000000000000000e+00
0.000000000000000000e+00
0.000000000000000000e+00
0.000000000000000000e+00
0.000000000000000000e+00
0.000000000000000000e+00
0.000000000000000000e+00
0.000000000000000000e+00
0.000000000000000000e+00
0.000000000000000000e+00
0.000000000000000000e+00
0.000000000000000000e+00
0.000000000000000000e+00
0.000000000000000000e+00
0.000000000000000000e+00
0.000000000000000000e+00
0.000000000000000000e+00
0.000000000000000000e+00
0.000000000000000000e+00
0.000000000000000000e+00
0.000000000000000000e+00
0.000000000000000000e+00
0.000000000000000000e+00
0.000000000000000000e+00
0.000000000000000000e+00
0.000000000000000000e+00
0.000000000000000000e+00
0.000000000000000000e+00
0.000000000000000000e+00
0.000000000000000000e+00
0.000000000000000000e+00
0.000000000000000000e+00
0.000000000000000000e+00
0.000000000000000000e+00
0.000000000000000000e+00
0.000000000000000000e+00
0.000000000000000000e+00
0.000000000000000000e+00
0.000000000000000000e+00
0.000000000000000000e+00
0.000000000000000000e+00
0.000000000000000000e+00
0.000000000000000000e+00
0.000000000000000000e+00
0.000000000000000000e+00
0.000000000000000000e+00
0.000000000000000000e+00
0.000000000000000000e+00
0.000000000000000000e+00
0.000000000000000000e+00
0.000000000000000000e+00
0.000000000000000000e+00
0.000000000000000000e+00
0.000000000000000000e+00
0.000000000000000000e+00
0.000000000000000000e+00
0.000000000000000000e+00
0.000000000000000000e+00
0.000000000000000000e+00
0.000000000000000000e+00
0.000000000000000000e+00
0.000000000000000000e+00
0.000000000000000000e+00
0.000000000000000000e+00
0.000000000000000000e+00
0.000000000000000000e+00
0.000000000000000000e+00
0.000000000000000000e+00
0.000000000000000000e+00
0.000000000000000000e+00
0.000000000000000000e+00
0.000000000000000000e+00
0.000000000000000000e+00
0.000000000000000000e+00
0.000000000000000000e+00
0.000000000000000000e+00
0.000000000000000000e+00
0.000000000000000000e+00
0.000000000000000000e+00
0.000000000000000000e+00
0.000000000000000000e+00
0.000000000000000000e+00
0.000000000000000000e+00
0.000000000000000000e+00
0.000000000000000000e+00
0.000000000000000000e+00
0.000000000000000000e+00
0.000000000000000000e+00
0.000000000000000000e+00
0.000000000000000000e+00
0.000000000000000000e+00
0.000000000000000000e+00
0.000000000000000000e+00
0.000000000000000000e+00
0.000000000000000000e+00
0.000000000000000000e+00
0.000000000000000000e+00
0.000000000000000000e+00
0.000000000000000000e+00
0.000000000000000000e+00
0.000000000000000000e+00
0.000000000000000000e+00
0.000000000000000000e+00
0.000000000000000000e+00
0.000000000000000000e+00
0.000000000000000000e+00
0.000000000000000000e+00
0.000000000000000000e+00
0.000000000000000000e+00
0.000000000000000000e+00
0.000000000000000000e+00
0.000000000000000000e+00
0.000000000000000000e+00
0.000000000000000000e+00
0.000000000000000000e+00
0.000000000000000000e+00
0.000000000000000000e+00
0.000000000000000000e+00
0.000000000000000000e+00
0.000000000000000000e+00
0.000000000000000000e+00
0.000000000000000000e+00
0.000000000000000000e+00
0.000000000000000000e+00
0.000000000000000000e+00
0.000000000000000000e+00
0.000000000000000000e+00
0.000000000000000000e+00
0.000000000000000000e+00
0.000000000000000000e+00
0.000000000000000000e+00
0.000000000000000000e+00
0.000000000000000000e+00
0.000000000000000000e+00
0.000000000000000000e+00
0.000000000000000000e+00
0.000000000000000000e+00
0.000000000000000000e+00
0.000000000000000000e+00
0.000000000000000000e+00
0.000000000000000000e+00
0.000000000000000000e+00
0.000000000000000000e+00
0.000000000000000000e+00
0.000000000000000000e+00
0.000000000000000000e+00
0.000000000000000000e+00
0.000000000000000000e+00
0.000000000000000000e+00
0.000000000000000000e+00
0.000000000000000000e+00
0.000000000000000000e+00
0.000000000000000000e+00
0.000000000000000000e+00
0.000000000000000000e+00
0.000000000000000000e+00
0.000000000000000000e+00
0.000000000000000000e+00
0.000000000000000000e+00
0.000000000000000000e+00
0.000000000000000000e+00
0.000000000000000000e+00
0.000000000000000000e+00
0.000000000000000000e+00
0.000000000000000000e+00
0.000000000000000000e+00
0.000000000000000000e+00
0.000000000000000000e+00
0.000000000000000000e+00
0.000000000000000000e+00
0.000000000000000000e+00
0.000000000000000000e+00
0.000000000000000000e+00
0.000000000000000000e+00
0.000000000000000000e+00
0.000000000000000000e+00
0.000000000000000000e+00
0.000000000000000000e+00
0.000000000000000000e+00
0.000000000000000000e+00
0.000000000000000000e+00
0.000000000000000000e+00
0.000000000000000000e+00
0.000000000000000000e+00
0.000000000000000000e+00
0.000000000000000000e+00
0.000000000000000000e+00
0.000000000000000000e+00
0.000000000000000000e+00
0.000000000000000000e+00
0.000000000000000000e+00
0.000000000000000000e+00
0.000000000000000000e+00
0.000000000000000000e+00
0.000000000000000000e+00
0.000000000000000000e+00
0.000000000000000000e+00
0.000000000000000000e+00
0.000000000000000000e+00
0.000000000000000000e+00
0.000000000000000000e+00
0.000000000000000000e+00
0.000000000000000000e+00
0.000000000000000000e+00
0.000000000000000000e+00
0.000000000000000000e+00
0.000000000000000000e+00
0.000000000000000000e+00
0.000000000000000000e+00
0.000000000000000000e+00
0.000000000000000000e+00
0.000000000000000000e+00
0.000000000000000000e+00
0.000000000000000000e+00
0.000000000000000000e+00
0.000000000000000000e+00
0.000000000000000000e+00
0.000000000000000000e+00
0.000000000000000000e+00
0.000000000000000000e+00
0.000000000000000000e+00
0.000000000000000000e+00
0.000000000000000000e+00
0.000000000000000000e+00
0.000000000000000000e+00
0.000000000000000000e+00
0.000000000000000000e+00
0.000000000000000000e+00
0.000000000000000000e+00
0.000000000000000000e+00
0.000000000000000000e+00
0.000000000000000000e+00
0.000000000000000000e+00
0.000000000000000000e+00
0.000000000000000000e+00
0.000000000000000000e+00
0.000000000000000000e+00
0.000000000000000000e+00
0.000000000000000000e+00
0.000000000000000000e+00
0.000000000000000000e+00
0.000000000000000000e+00
0.000000000000000000e+00
0.000000000000000000e+00
0.000000000000000000e+00
0.000000000000000000e+00
0.000000000000000000e+00
0.000000000000000000e+00
0.000000000000000000e+00
0.000000000000000000e+00
0.000000000000000000e+00
0.000000000000000000e+00
0.000000000000000000e+00
0.000000000000000000e+00
0.000000000000000000e+00
0.000000000000000000e+00
0.000000000000000000e+00
0.000000000000000000e+00
0.000000000000000000e+00
0.000000000000000000e+00
0.000000000000000000e+00
0.000000000000000000e+00
0.000000000000000000e+00
0.000000000000000000e+00
0.000000000000000000e+00
0.000000000000000000e+00
0.000000000000000000e+00
0.000000000000000000e+00
0.000000000000000000e+00
0.000000000000000000e+00
0.000000000000000000e+00
0.000000000000000000e+00
0.000000000000000000e+00
0.000000000000000000e+00
0.000000000000000000e+00
0.000000000000000000e+00
0.000000000000000000e+00
0.000000000000000000e+00
0.000000000000000000e+00
0.000000000000000000e+00
0.000000000000000000e+00
0.000000000000000000e+00
0.000000000000000000e+00
0.000000000000000000e+00
0.000000000000000000e+00
0.000000000000000000e+00
0.000000000000000000e+00
0.000000000000000000e+00
0.000000000000000000e+00
0.000000000000000000e+00
0.000000000000000000e+00
0.000000000000000000e+00
0.000000000000000000e+00
0.000000000000000000e+00
0.000000000000000000e+00
0.000000000000000000e+00
0.000000000000000000e+00
0.000000000000000000e+00
0.000000000000000000e+00
0.000000000000000000e+00
0.000000000000000000e+00
0.000000000000000000e+00
0.000000000000000000e+00
0.000000000000000000e+00
0.000000000000000000e+00
0.000000000000000000e+00
0.000000000000000000e+00
0.000000000000000000e+00
0.000000000000000000e+00
0.000000000000000000e+00
0.000000000000000000e+00
0.000000000000000000e+00
0.000000000000000000e+00
0.000000000000000000e+00
0.000000000000000000e+00
0.000000000000000000e+00
0.000000000000000000e+00
0.000000000000000000e+00
0.000000000000000000e+00
0.000000000000000000e+00
0.000000000000000000e+00
0.000000000000000000e+00
0.000000000000000000e+00
0.000000000000000000e+00
0.000000000000000000e+00
0.000000000000000000e+00
0.000000000000000000e+00
0.000000000000000000e+00
0.000000000000000000e+00
0.000000000000000000e+00
0.000000000000000000e+00
0.000000000000000000e+00
0.000000000000000000e+00
0.000000000000000000e+00
0.000000000000000000e+00
0.000000000000000000e+00
0.000000000000000000e+00
0.000000000000000000e+00
0.000000000000000000e+00
0.000000000000000000e+00
0.000000000000000000e+00
0.000000000000000000e+00
0.000000000000000000e+00
0.000000000000000000e+00
0.000000000000000000e+00
0.000000000000000000e+00
0.000000000000000000e+00
0.000000000000000000e+00
0.000000000000000000e+00
0.000000000000000000e+00
0.000000000000000000e+00
0.000000000000000000e+00
0.000000000000000000e+00
0.000000000000000000e+00
0.000000000000000000e+00
0.000000000000000000e+00
0.000000000000000000e+00
0.000000000000000000e+00
0.000000000000000000e+00
0.000000000000000000e+00
0.000000000000000000e+00
0.000000000000000000e+00
0.000000000000000000e+00
0.000000000000000000e+00
0.000000000000000000e+00
0.000000000000000000e+00
0.000000000000000000e+00
0.000000000000000000e+00
0.000000000000000000e+00
0.000000000000000000e+00
0.000000000000000000e+00
0.000000000000000000e+00
0.000000000000000000e+00
0.000000000000000000e+00
0.000000000000000000e+00
0.000000000000000000e+00
0.000000000000000000e+00
0.000000000000000000e+00
0.000000000000000000e+00
0.000000000000000000e+00
0.000000000000000000e+00
0.000000000000000000e+00
0.000000000000000000e+00
0.000000000000000000e+00
0.000000000000000000e+00
0.000000000000000000e+00
0.000000000000000000e+00
0.000000000000000000e+00
0.000000000000000000e+00
0.000000000000000000e+00
0.000000000000000000e+00
0.000000000000000000e+00
0.000000000000000000e+00
0.000000000000000000e+00
0.000000000000000000e+00
0.000000000000000000e+00
0.000000000000000000e+00
0.000000000000000000e+00
0.000000000000000000e+00
0.000000000000000000e+00
0.000000000000000000e+00
0.000000000000000000e+00
0.000000000000000000e+00
0.000000000000000000e+00
0.000000000000000000e+00
0.000000000000000000e+00
0.000000000000000000e+00
0.000000000000000000e+00
0.000000000000000000e+00
0.000000000000000000e+00
0.000000000000000000e+00
0.000000000000000000e+00
0.000000000000000000e+00
0.000000000000000000e+00
0.000000000000000000e+00
0.000000000000000000e+00
0.000000000000000000e+00
0.000000000000000000e+00
0.000000000000000000e+00
0.000000000000000000e+00
0.000000000000000000e+00
0.000000000000000000e+00
0.000000000000000000e+00
0.000000000000000000e+00
0.000000000000000000e+00
0.000000000000000000e+00
0.000000000000000000e+00
0.000000000000000000e+00
0.000000000000000000e+00
0.000000000000000000e+00
0.000000000000000000e+00
0.000000000000000000e+00
0.000000000000000000e+00
0.000000000000000000e+00
0.000000000000000000e+00
0.000000000000000000e+00
0.000000000000000000e+00
0.000000000000000000e+00
0.000000000000000000e+00
0.000000000000000000e+00
0.000000000000000000e+00
0.000000000000000000e+00
0.000000000000000000e+00
0.000000000000000000e+00
0.000000000000000000e+00
0.000000000000000000e+00
0.000000000000000000e+00
0.000000000000000000e+00
0.000000000000000000e+00
0.000000000000000000e+00
0.000000000000000000e+00
0.000000000000000000e+00
0.000000000000000000e+00
0.000000000000000000e+00
0.000000000000000000e+00
0.000000000000000000e+00
0.000000000000000000e+00
0.000000000000000000e+00
0.000000000000000000e+00
0.000000000000000000e+00
0.000000000000000000e+00
0.000000000000000000e+00
0.000000000000000000e+00
0.000000000000000000e+00
0.000000000000000000e+00
0.000000000000000000e+00
0.000000000000000000e+00
0.000000000000000000e+00
0.000000000000000000e+00
0.000000000000000000e+00
0.000000000000000000e+00
0.000000000000000000e+00
0.000000000000000000e+00
0.000000000000000000e+00
0.000000000000000000e+00
0.000000000000000000e+00
0.000000000000000000e+00
0.000000000000000000e+00
0.000000000000000000e+00
0.000000000000000000e+00
0.000000000000000000e+00
0.000000000000000000e+00
0.000000000000000000e+00
0.000000000000000000e+00
0.000000000000000000e+00
0.000000000000000000e+00
0.000000000000000000e+00
0.000000000000000000e+00
0.000000000000000000e+00
0.000000000000000000e+00
0.000000000000000000e+00
0.000000000000000000e+00
0.000000000000000000e+00
0.000000000000000000e+00
0.000000000000000000e+00
0.000000000000000000e+00
0.000000000000000000e+00
0.000000000000000000e+00
0.000000000000000000e+00
0.000000000000000000e+00
0.000000000000000000e+00
0.000000000000000000e+00
0.000000000000000000e+00
0.000000000000000000e+00
0.000000000000000000e+00
0.000000000000000000e+00
0.000000000000000000e+00
0.000000000000000000e+00
0.000000000000000000e+00
0.000000000000000000e+00
0.000000000000000000e+00
0.000000000000000000e+00
0.000000000000000000e+00
0.000000000000000000e+00
0.000000000000000000e+00
0.000000000000000000e+00
0.000000000000000000e+00
0.000000000000000000e+00
0.000000000000000000e+00
0.000000000000000000e+00
0.000000000000000000e+00
0.000000000000000000e+00
0.000000000000000000e+00
0.000000000000000000e+00
0.000000000000000000e+00
0.000000000000000000e+00
0.000000000000000000e+00
0.000000000000000000e+00
0.000000000000000000e+00
0.000000000000000000e+00
0.000000000000000000e+00
0.000000000000000000e+00
0.000000000000000000e+00
0.000000000000000000e+00
0.000000000000000000e+00
0.000000000000000000e+00
0.000000000000000000e+00
0.000000000000000000e+00
0.000000000000000000e+00
0.000000000000000000e+00
0.000000000000000000e+00
0.000000000000000000e+00
0.000000000000000000e+00
0.000000000000000000e+00
0.000000000000000000e+00
0.000000000000000000e+00
0.000000000000000000e+00
0.000000000000000000e+00
0.000000000000000000e+00
0.000000000000000000e+00
0.000000000000000000e+00
0.000000000000000000e+00
0.000000000000000000e+00
0.000000000000000000e+00
0.000000000000000000e+00
0.000000000000000000e+00
0.000000000000000000e+00
0.000000000000000000e+00
0.000000000000000000e+00
0.000000000000000000e+00
0.000000000000000000e+00
0.000000000000000000e+00
0.000000000000000000e+00
0.000000000000000000e+00
0.000000000000000000e+00
0.000000000000000000e+00
0.000000000000000000e+00
0.000000000000000000e+00
0.000000000000000000e+00
0.000000000000000000e+00
0.000000000000000000e+00
0.000000000000000000e+00
0.000000000000000000e+00
0.000000000000000000e+00
0.000000000000000000e+00
0.000000000000000000e+00
0.000000000000000000e+00
0.000000000000000000e+00
0.000000000000000000e+00
0.000000000000000000e+00
0.000000000000000000e+00
0.000000000000000000e+00
0.000000000000000000e+00
0.000000000000000000e+00
0.000000000000000000e+00
0.000000000000000000e+00
0.000000000000000000e+00
0.000000000000000000e+00
0.000000000000000000e+00
0.000000000000000000e+00
0.000000000000000000e+00
0.000000000000000000e+00
0.000000000000000000e+00
0.000000000000000000e+00
0.000000000000000000e+00
0.000000000000000000e+00
0.000000000000000000e+00
0.000000000000000000e+00
0.000000000000000000e+00
0.000000000000000000e+00
0.000000000000000000e+00
0.000000000000000000e+00
0.000000000000000000e+00
0.000000000000000000e+00
0.000000000000000000e+00
0.000000000000000000e+00
0.000000000000000000e+00
0.000000000000000000e+00
0.000000000000000000e+00
0.000000000000000000e+00
0.000000000000000000e+00
0.000000000000000000e+00
0.000000000000000000e+00
0.000000000000000000e+00
0.000000000000000000e+00
0.000000000000000000e+00
0.000000000000000000e+00
0.000000000000000000e+00
0.000000000000000000e+00
0.000000000000000000e+00
0.000000000000000000e+00
0.000000000000000000e+00
0.000000000000000000e+00
0.000000000000000000e+00
0.000000000000000000e+00
0.000000000000000000e+00
0.000000000000000000e+00
0.000000000000000000e+00
0.000000000000000000e+00
0.000000000000000000e+00
0.000000000000000000e+00
0.000000000000000000e+00
0.000000000000000000e+00
0.000000000000000000e+00
0.000000000000000000e+00
0.000000000000000000e+00
0.000000000000000000e+00
0.000000000000000000e+00
0.000000000000000000e+00
0.000000000000000000e+00
0.000000000000000000e+00
0.000000000000000000e+00
0.000000000000000000e+00
0.000000000000000000e+00
0.000000000000000000e+00
0.000000000000000000e+00
0.000000000000000000e+00
0.000000000000000000e+00
0.000000000000000000e+00
0.000000000000000000e+00
0.000000000000000000e+00
0.000000000000000000e+00
0.000000000000000000e+00
0.000000000000000000e+00
0.000000000000000000e+00
0.000000000000000000e+00
0.000000000000000000e+00
0.000000000000000000e+00
0.000000000000000000e+00
0.000000000000000000e+00
0.000000000000000000e+00
0.000000000000000000e+00
0.000000000000000000e+00
0.000000000000000000e+00
0.000000000000000000e+00
0.000000000000000000e+00
0.000000000000000000e+00
0.000000000000000000e+00
0.000000000000000000e+00
0.000000000000000000e+00
0.000000000000000000e+00
0.000000000000000000e+00
0.000000000000000000e+00
0.000000000000000000e+00
0.000000000000000000e+00
0.000000000000000000e+00
0.000000000000000000e+00
0.000000000000000000e+00
0.000000000000000000e+00
0.000000000000000000e+00
0.000000000000000000e+00
0.000000000000000000e+00
0.000000000000000000e+00
0.000000000000000000e+00
0.000000000000000000e+00
0.000000000000000000e+00
0.000000000000000000e+00
0.000000000000000000e+00
0.000000000000000000e+00
0.000000000000000000e+00
0.000000000000000000e+00
0.000000000000000000e+00
0.000000000000000000e+00
0.000000000000000000e+00
0.000000000000000000e+00
0.000000000000000000e+00
0.000000000000000000e+00
0.000000000000000000e+00
0.000000000000000000e+00
0.000000000000000000e+00
0.000000000000000000e+00
0.000000000000000000e+00
0.000000000000000000e+00
0.000000000000000000e+00
0.000000000000000000e+00
0.000000000000000000e+00
0.000000000000000000e+00
0.000000000000000000e+00
0.000000000000000000e+00
0.000000000000000000e+00
0.000000000000000000e+00
0.000000000000000000e+00
0.000000000000000000e+00
0.000000000000000000e+00
0.000000000000000000e+00
0.000000000000000000e+00
0.000000000000000000e+00
0.000000000000000000e+00
0.000000000000000000e+00
0.000000000000000000e+00
0.000000000000000000e+00
0.000000000000000000e+00
0.000000000000000000e+00
0.000000000000000000e+00
0.000000000000000000e+00
0.000000000000000000e+00
0.000000000000000000e+00
0.000000000000000000e+00
0.000000000000000000e+00
0.000000000000000000e+00
0.000000000000000000e+00
0.000000000000000000e+00
0.000000000000000000e+00
0.000000000000000000e+00
0.000000000000000000e+00
0.000000000000000000e+00
0.000000000000000000e+00
0.000000000000000000e+00
0.000000000000000000e+00
0.000000000000000000e+00
0.000000000000000000e+00
0.000000000000000000e+00
0.000000000000000000e+00
0.000000000000000000e+00
0.000000000000000000e+00
0.000000000000000000e+00
0.000000000000000000e+00
0.000000000000000000e+00
0.000000000000000000e+00
0.000000000000000000e+00
0.000000000000000000e+00
0.000000000000000000e+00
0.000000000000000000e+00
0.000000000000000000e+00
0.000000000000000000e+00
0.000000000000000000e+00
0.000000000000000000e+00
0.000000000000000000e+00
0.000000000000000000e+00
0.000000000000000000e+00
0.000000000000000000e+00
0.000000000000000000e+00
0.000000000000000000e+00
0.000000000000000000e+00
0.000000000000000000e+00
0.000000000000000000e+00
0.000000000000000000e+00
0.000000000000000000e+00
0.000000000000000000e+00
0.000000000000000000e+00
0.000000000000000000e+00
0.000000000000000000e+00
0.000000000000000000e+00
0.000000000000000000e+00
0.000000000000000000e+00
0.000000000000000000e+00
0.000000000000000000e+00
0.000000000000000000e+00
0.000000000000000000e+00
0.000000000000000000e+00
0.000000000000000000e+00
0.000000000000000000e+00
0.000000000000000000e+00
0.000000000000000000e+00
0.000000000000000000e+00
0.000000000000000000e+00
0.000000000000000000e+00
0.000000000000000000e+00
0.000000000000000000e+00
0.000000000000000000e+00
0.000000000000000000e+00
0.000000000000000000e+00
0.000000000000000000e+00
0.000000000000000000e+00
0.000000000000000000e+00
0.000000000000000000e+00
0.000000000000000000e+00
0.000000000000000000e+00
0.000000000000000000e+00
0.000000000000000000e+00
0.000000000000000000e+00
0.000000000000000000e+00
0.000000000000000000e+00
0.000000000000000000e+00
0.000000000000000000e+00
0.000000000000000000e+00
0.000000000000000000e+00
0.000000000000000000e+00
0.000000000000000000e+00
0.000000000000000000e+00
0.000000000000000000e+00
0.000000000000000000e+00
0.000000000000000000e+00
0.000000000000000000e+00
0.000000000000000000e+00
0.000000000000000000e+00
0.000000000000000000e+00
0.000000000000000000e+00
0.000000000000000000e+00
0.000000000000000000e+00
0.000000000000000000e+00
0.000000000000000000e+00
0.000000000000000000e+00
0.000000000000000000e+00
0.000000000000000000e+00
0.000000000000000000e+00
0.000000000000000000e+00
0.000000000000000000e+00
0.000000000000000000e+00
0.000000000000000000e+00
0.000000000000000000e+00
0.000000000000000000e+00
0.000000000000000000e+00
0.000000000000000000e+00
0.000000000000000000e+00
0.000000000000000000e+00
0.000000000000000000e+00
0.000000000000000000e+00
0.000000000000000000e+00
0.000000000000000000e+00
0.000000000000000000e+00
0.000000000000000000e+00
0.000000000000000000e+00
0.000000000000000000e+00
0.000000000000000000e+00
0.000000000000000000e+00
0.000000000000000000e+00
0.000000000000000000e+00
0.000000000000000000e+00
0.000000000000000000e+00
0.000000000000000000e+00
0.000000000000000000e+00
0.000000000000000000e+00
0.000000000000000000e+00
0.000000000000000000e+00
0.000000000000000000e+00
0.000000000000000000e+00
0.000000000000000000e+00
0.000000000000000000e+00
0.000000000000000000e+00
0.000000000000000000e+00
0.000000000000000000e+00
0.000000000000000000e+00
0.000000000000000000e+00
0.000000000000000000e+00
0.000000000000000000e+00
0.000000000000000000e+00
0.000000000000000000e+00
0.000000000000000000e+00
0.000000000000000000e+00
0.000000000000000000e+00
0.000000000000000000e+00
0.000000000000000000e+00
0.000000000000000000e+00
0.000000000000000000e+00
0.000000000000000000e+00
0.000000000000000000e+00
0.000000000000000000e+00
0.000000000000000000e+00
0.000000000000000000e+00
0.000000000000000000e+00
0.000000000000000000e+00
0.000000000000000000e+00
0.000000000000000000e+00
0.000000000000000000e+00
0.000000000000000000e+00
0.000000000000000000e+00
0.000000000000000000e+00
0.000000000000000000e+00
0.000000000000000000e+00
0.000000000000000000e+00
0.000000000000000000e+00
0.000000000000000000e+00
0.000000000000000000e+00
0.000000000000000000e+00
0.000000000000000000e+00
0.000000000000000000e+00
0.000000000000000000e+00
0.000000000000000000e+00
0.000000000000000000e+00
0.000000000000000000e+00
0.000000000000000000e+00
0.000000000000000000e+00
0.000000000000000000e+00
0.000000000000000000e+00
0.000000000000000000e+00
0.000000000000000000e+00
0.000000000000000000e+00
0.000000000000000000e+00
0.000000000000000000e+00
0.000000000000000000e+00
0.000000000000000000e+00
0.000000000000000000e+00
0.000000000000000000e+00
0.000000000000000000e+00
0.000000000000000000e+00
0.000000000000000000e+00
0.000000000000000000e+00
0.000000000000000000e+00
0.000000000000000000e+00
0.000000000000000000e+00
0.000000000000000000e+00
0.000000000000000000e+00
0.000000000000000000e+00
0.000000000000000000e+00
0.000000000000000000e+00
0.000000000000000000e+00
0.000000000000000000e+00
0.000000000000000000e+00
0.000000000000000000e+00
0.000000000000000000e+00
0.000000000000000000e+00
0.000000000000000000e+00
0.000000000000000000e+00
0.000000000000000000e+00
0.000000000000000000e+00
0.000000000000000000e+00
0.000000000000000000e+00
0.000000000000000000e+00
0.000000000000000000e+00
0.000000000000000000e+00
0.000000000000000000e+00
0.000000000000000000e+00
0.000000000000000000e+00
0.000000000000000000e+00
0.000000000000000000e+00
0.000000000000000000e+00
0.000000000000000000e+00
0.000000000000000000e+00
0.000000000000000000e+00
0.000000000000000000e+00
0.000000000000000000e+00
0.000000000000000000e+00
0.000000000000000000e+00
0.000000000000000000e+00
0.000000000000000000e+00
0.000000000000000000e+00
0.000000000000000000e+00
0.000000000000000000e+00
0.000000000000000000e+00
0.000000000000000000e+00
0.000000000000000000e+00
0.000000000000000000e+00
0.000000000000000000e+00
0.000000000000000000e+00
0.000000000000000000e+00
0.000000000000000000e+00
0.000000000000000000e+00
0.000000000000000000e+00
0.000000000000000000e+00
0.000000000000000000e+00
0.000000000000000000e+00
0.000000000000000000e+00
0.000000000000000000e+00
0.000000000000000000e+00
0.000000000000000000e+00
0.000000000000000000e+00
0.000000000000000000e+00
0.000000000000000000e+00
0.000000000000000000e+00
0.000000000000000000e+00
0.000000000000000000e+00
0.000000000000000000e+00
0.000000000000000000e+00
0.000000000000000000e+00
0.000000000000000000e+00
0.000000000000000000e+00
0.000000000000000000e+00
0.000000000000000000e+00
0.000000000000000000e+00
0.000000000000000000e+00
0.000000000000000000e+00
0.000000000000000000e+00
0.000000000000000000e+00
0.000000000000000000e+00
0.000000000000000000e+00
0.000000000000000000e+00
0.000000000000000000e+00
0.000000000000000000e+00
0.000000000000000000e+00
0.000000000000000000e+00
0.000000000000000000e+00
0.000000000000000000e+00
0.000000000000000000e+00
0.000000000000000000e+00
0.000000000000000000e+00
0.000000000000000000e+00
0.000000000000000000e+00
0.000000000000000000e+00
0.000000000000000000e+00
0.000000000000000000e+00
0.000000000000000000e+00
0.000000000000000000e+00
0.000000000000000000e+00
0.000000000000000000e+00
0.000000000000000000e+00
0.000000000000000000e+00
0.000000000000000000e+00
0.000000000000000000e+00
0.000000000000000000e+00
0.000000000000000000e+00
0.000000000000000000e+00
0.000000000000000000e+00
0.000000000000000000e+00
0.000000000000000000e+00
0.000000000000000000e+00
0.000000000000000000e+00
0.000000000000000000e+00
0.000000000000000000e+00
0.000000000000000000e+00
0.000000000000000000e+00
0.000000000000000000e+00
0.000000000000000000e+00
0.000000000000000000e+00
0.000000000000000000e+00
0.000000000000000000e+00
0.000000000000000000e+00
0.000000000000000000e+00
0.000000000000000000e+00
0.000000000000000000e+00
0.000000000000000000e+00
0.000000000000000000e+00
0.000000000000000000e+00
0.000000000000000000e+00
0.000000000000000000e+00
0.000000000000000000e+00
0.000000000000000000e+00
0.000000000000000000e+00
0.000000000000000000e+00
0.000000000000000000e+00
0.000000000000000000e+00
0.000000000000000000e+00
0.000000000000000000e+00
0.000000000000000000e+00
0.000000000000000000e+00
0.000000000000000000e+00
0.000000000000000000e+00
0.000000000000000000e+00
0.000000000000000000e+00
0.000000000000000000e+00
0.000000000000000000e+00
0.000000000000000000e+00
0.000000000000000000e+00
0.000000000000000000e+00
0.000000000000000000e+00
0.000000000000000000e+00
0.000000000000000000e+00
0.000000000000000000e+00
0.000000000000000000e+00
0.000000000000000000e+00
0.000000000000000000e+00
0.000000000000000000e+00
0.000000000000000000e+00
0.000000000000000000e+00
0.000000000000000000e+00
0.000000000000000000e+00
0.000000000000000000e+00
0.000000000000000000e+00
0.000000000000000000e+00
0.000000000000000000e+00
0.000000000000000000e+00
0.000000000000000000e+00
0.000000000000000000e+00
0.000000000000000000e+00
0.000000000000000000e+00
0.000000000000000000e+00
0.000000000000000000e+00
0.000000000000000000e+00
0.000000000000000000e+00
0.000000000000000000e+00
0.000000000000000000e+00
0.000000000000000000e+00
0.000000000000000000e+00
0.000000000000000000e+00
0.000000000000000000e+00
0.000000000000000000e+00
0.000000000000000000e+00
0.000000000000000000e+00
0.000000000000000000e+00
0.000000000000000000e+00
0.000000000000000000e+00
0.000000000000000000e+00
0.000000000000000000e+00
0.000000000000000000e+00
0.000000000000000000e+00
0.000000000000000000e+00
0.000000000000000000e+00
0.000000000000000000e+00
0.000000000000000000e+00
0.000000000000000000e+00
0.000000000000000000e+00
0.000000000000000000e+00
0.000000000000000000e+00
0.000000000000000000e+00
0.000000000000000000e+00
0.000000000000000000e+00
0.000000000000000000e+00
0.000000000000000000e+00
0.000000000000000000e+00
0.000000000000000000e+00
0.000000000000000000e+00
0.000000000000000000e+00
0.000000000000000000e+00
0.000000000000000000e+00
0.000000000000000000e+00
0.000000000000000000e+00
0.000000000000000000e+00
0.000000000000000000e+00
0.000000000000000000e+00
0.000000000000000000e+00
0.000000000000000000e+00
0.000000000000000000e+00
0.000000000000000000e+00
0.000000000000000000e+00
0.000000000000000000e+00
0.000000000000000000e+00
0.000000000000000000e+00
0.000000000000000000e+00
0.000000000000000000e+00
0.000000000000000000e+00
0.000000000000000000e+00
0.000000000000000000e+00
0.000000000000000000e+00
0.000000000000000000e+00
0.000000000000000000e+00
0.000000000000000000e+00
0.000000000000000000e+00
0.000000000000000000e+00
0.000000000000000000e+00
0.000000000000000000e+00
0.000000000000000000e+00
0.000000000000000000e+00
0.000000000000000000e+00
0.000000000000000000e+00
0.000000000000000000e+00
0.000000000000000000e+00
0.000000000000000000e+00
0.000000000000000000e+00
0.000000000000000000e+00
0.000000000000000000e+00
0.000000000000000000e+00
0.000000000000000000e+00
0.000000000000000000e+00
0.000000000000000000e+00
0.000000000000000000e+00
0.000000000000000000e+00
0.000000000000000000e+00
0.000000000000000000e+00
0.000000000000000000e+00
0.000000000000000000e+00
0.000000000000000000e+00
0.000000000000000000e+00
0.000000000000000000e+00
0.000000000000000000e+00
0.000000000000000000e+00
0.000000000000000000e+00
0.000000000000000000e+00
0.000000000000000000e+00
0.000000000000000000e+00
0.000000000000000000e+00
0.000000000000000000e+00
0.000000000000000000e+00
0.000000000000000000e+00
0.000000000000000000e+00
0.000000000000000000e+00
0.000000000000000000e+00
0.000000000000000000e+00
0.000000000000000000e+00
0.000000000000000000e+00
0.000000000000000000e+00
0.000000000000000000e+00
0.000000000000000000e+00
0.000000000000000000e+00
0.000000000000000000e+00
0.000000000000000000e+00
0.000000000000000000e+00
0.000000000000000000e+00
0.000000000000000000e+00
0.000000000000000000e+00
0.000000000000000000e+00
0.000000000000000000e+00
0.000000000000000000e+00
0.000000000000000000e+00
0.000000000000000000e+00
0.000000000000000000e+00
0.000000000000000000e+00
0.000000000000000000e+00
0.000000000000000000e+00
0.000000000000000000e+00
0.000000000000000000e+00
0.000000000000000000e+00
0.000000000000000000e+00
0.000000000000000000e+00
0.000000000000000000e+00
0.000000000000000000e+00
0.000000000000000000e+00
0.000000000000000000e+00
0.000000000000000000e+00
0.000000000000000000e+00
0.000000000000000000e+00
0.000000000000000000e+00
0.000000000000000000e+00
0.000000000000000000e+00
0.000000000000000000e+00
0.000000000000000000e+00
0.000000000000000000e+00
0.000000000000000000e+00
0.000000000000000000e+00
0.000000000000000000e+00
0.000000000000000000e+00
0.000000000000000000e+00
0.000000000000000000e+00
0.000000000000000000e+00
0.000000000000000000e+00
0.000000000000000000e+00
0.000000000000000000e+00
0.000000000000000000e+00
0.000000000000000000e+00
0.000000000000000000e+00
0.000000000000000000e+00
0.000000000000000000e+00
0.000000000000000000e+00
0.000000000000000000e+00
0.000000000000000000e+00
0.000000000000000000e+00
0.000000000000000000e+00
0.000000000000000000e+00
0.000000000000000000e+00
0.000000000000000000e+00
0.000000000000000000e+00
0.000000000000000000e+00
0.000000000000000000e+00
0.000000000000000000e+00
0.000000000000000000e+00
0.000000000000000000e+00
0.000000000000000000e+00
0.000000000000000000e+00
0.000000000000000000e+00
0.000000000000000000e+00
0.000000000000000000e+00
0.000000000000000000e+00
0.000000000000000000e+00
0.000000000000000000e+00
0.000000000000000000e+00
0.000000000000000000e+00
0.000000000000000000e+00
0.000000000000000000e+00
0.000000000000000000e+00
0.000000000000000000e+00
0.000000000000000000e+00
0.000000000000000000e+00
0.000000000000000000e+00
0.000000000000000000e+00
0.000000000000000000e+00
0.000000000000000000e+00
0.000000000000000000e+00
0.000000000000000000e+00
0.000000000000000000e+00
0.000000000000000000e+00
0.000000000000000000e+00
0.000000000000000000e+00
0.000000000000000000e+00
0.000000000000000000e+00
0.000000000000000000e+00
0.000000000000000000e+00
0.000000000000000000e+00
0.000000000000000000e+00
0.000000000000000000e+00
0.000000000000000000e+00
0.000000000000000000e+00
0.000000000000000000e+00
0.000000000000000000e+00
0.000000000000000000e+00
0.000000000000000000e+00
0.000000000000000000e+00
0.000000000000000000e+00
0.000000000000000000e+00
0.000000000000000000e+00
0.000000000000000000e+00
0.000000000000000000e+00
0.000000000000000000e+00
0.000000000000000000e+00
0.000000000000000000e+00
0.000000000000000000e+00
0.000000000000000000e+00
0.000000000000000000e+00
0.000000000000000000e+00
0.000000000000000000e+00
0.000000000000000000e+00
0.000000000000000000e+00
0.000000000000000000e+00
0.000000000000000000e+00
0.000000000000000000e+00
0.000000000000000000e+00
0.000000000000000000e+00
0.000000000000000000e+00
0.000000000000000000e+00
0.000000000000000000e+00
0.000000000000000000e+00
0.000000000000000000e+00
0.000000000000000000e+00
0.000000000000000000e+00
0.000000000000000000e+00
0.000000000000000000e+00
0.000000000000000000e+00
0.000000000000000000e+00
0.000000000000000000e+00
0.000000000000000000e+00
0.000000000000000000e+00
0.000000000000000000e+00
0.000000000000000000e+00
0.000000000000000000e+00
0.000000000000000000e+00
0.000000000000000000e+00
0.000000000000000000e+00
0.000000000000000000e+00
0.000000000000000000e+00
0.000000000000000000e+00
0.000000000000000000e+00
0.000000000000000000e+00
0.000000000000000000e+00
0.000000000000000000e+00
0.000000000000000000e+00
0.000000000000000000e+00
0.000000000000000000e+00
0.000000000000000000e+00
0.000000000000000000e+00
0.000000000000000000e+00
0.000000000000000000e+00
0.000000000000000000e+00
0.000000000000000000e+00
0.000000000000000000e+00
0.000000000000000000e+00
0.000000000000000000e+00
0.000000000000000000e+00
0.000000000000000000e+00
0.000000000000000000e+00
0.000000000000000000e+00
0.000000000000000000e+00
0.000000000000000000e+00
0.000000000000000000e+00
0.000000000000000000e+00
0.000000000000000000e+00
0.000000000000000000e+00
0.000000000000000000e+00
0.000000000000000000e+00
0.000000000000000000e+00
0.000000000000000000e+00
0.000000000000000000e+00
0.000000000000000000e+00
0.000000000000000000e+00
0.000000000000000000e+00
0.000000000000000000e+00
0.000000000000000000e+00
0.000000000000000000e+00
0.000000000000000000e+00
0.000000000000000000e+00
0.000000000000000000e+00
0.000000000000000000e+00
0.000000000000000000e+00
0.000000000000000000e+00
0.000000000000000000e+00
0.000000000000000000e+00
0.000000000000000000e+00
0.000000000000000000e+00
0.000000000000000000e+00
0.000000000000000000e+00
0.000000000000000000e+00
0.000000000000000000e+00
0.000000000000000000e+00
0.000000000000000000e+00
0.000000000000000000e+00
0.000000000000000000e+00
0.000000000000000000e+00
0.000000000000000000e+00
0.000000000000000000e+00
0.000000000000000000e+00
0.000000000000000000e+00
0.000000000000000000e+00
0.000000000000000000e+00
0.000000000000000000e+00
0.000000000000000000e+00
0.000000000000000000e+00
0.000000000000000000e+00
0.000000000000000000e+00
0.000000000000000000e+00
0.000000000000000000e+00
0.000000000000000000e+00
0.000000000000000000e+00
0.000000000000000000e+00
0.000000000000000000e+00
0.000000000000000000e+00
0.000000000000000000e+00
0.000000000000000000e+00
0.000000000000000000e+00
0.000000000000000000e+00
0.000000000000000000e+00
0.000000000000000000e+00
0.000000000000000000e+00
0.000000000000000000e+00
0.000000000000000000e+00
0.000000000000000000e+00
0.000000000000000000e+00
0.000000000000000000e+00
0.000000000000000000e+00
0.000000000000000000e+00
0.000000000000000000e+00
0.000000000000000000e+00
0.000000000000000000e+00
0.000000000000000000e+00
0.000000000000000000e+00
0.000000000000000000e+00
0.000000000000000000e+00
0.000000000000000000e+00
0.000000000000000000e+00
0.000000000000000000e+00
0.000000000000000000e+00
0.000000000000000000e+00
0.000000000000000000e+00
0.000000000000000000e+00
0.000000000000000000e+00
0.000000000000000000e+00
0.000000000000000000e+00
0.000000000000000000e+00
0.000000000000000000e+00
0.000000000000000000e+00
0.000000000000000000e+00
0.000000000000000000e+00
0.000000000000000000e+00
0.000000000000000000e+00
0.000000000000000000e+00
0.000000000000000000e+00
0.000000000000000000e+00
0.000000000000000000e+00
0.000000000000000000e+00
0.000000000000000000e+00
0.000000000000000000e+00
0.000000000000000000e+00
0.000000000000000000e+00
0.000000000000000000e+00
0.000000000000000000e+00
0.000000000000000000e+00
0.000000000000000000e+00
0.000000000000000000e+00
0.000000000000000000e+00
0.000000000000000000e+00
0.000000000000000000e+00
0.000000000000000000e+00
0.000000000000000000e+00
0.000000000000000000e+00
0.000000000000000000e+00
0.000000000000000000e+00
0.000000000000000000e+00
0.000000000000000000e+00
0.000000000000000000e+00
0.000000000000000000e+00
0.000000000000000000e+00
0.000000000000000000e+00
0.000000000000000000e+00
0.000000000000000000e+00
0.000000000000000000e+00
0.000000000000000000e+00
0.000000000000000000e+00
0.000000000000000000e+00
0.000000000000000000e+00
0.000000000000000000e+00
0.000000000000000000e+00
0.000000000000000000e+00
0.000000000000000000e+00
0.000000000000000000e+00
0.000000000000000000e+00
0.000000000000000000e+00
0.000000000000000000e+00
0.000000000000000000e+00
0.000000000000000000e+00
0.000000000000000000e+00
0.000000000000000000e+00
0.000000000000000000e+00
0.000000000000000000e+00
0.000000000000000000e+00
0.000000000000000000e+00
0.000000000000000000e+00
0.000000000000000000e+00
0.000000000000000000e+00
0.000000000000000000e+00
0.000000000000000000e+00
0.000000000000000000e+00
0.000000000000000000e+00
0.000000000000000000e+00
0.000000000000000000e+00
0.000000000000000000e+00
0.000000000000000000e+00
0.000000000000000000e+00
0.000000000000000000e+00
0.000000000000000000e+00
0.000000000000000000e+00
0.000000000000000000e+00
0.000000000000000000e+00
0.000000000000000000e+00
0.000000000000000000e+00
0.000000000000000000e+00
0.000000000000000000e+00
0.000000000000000000e+00
0.000000000000000000e+00
0.000000000000000000e+00
0.000000000000000000e+00
0.000000000000000000e+00
0.000000000000000000e+00
0.000000000000000000e+00
0.000000000000000000e+00
0.000000000000000000e+00
0.000000000000000000e+00
0.000000000000000000e+00
0.000000000000000000e+00
0.000000000000000000e+00
0.000000000000000000e+00
0.000000000000000000e+00
0.000000000000000000e+00
0.000000000000000000e+00
0.000000000000000000e+00
0.000000000000000000e+00
0.000000000000000000e+00
0.000000000000000000e+00
0.000000000000000000e+00
0.000000000000000000e+00
0.000000000000000000e+00
0.000000000000000000e+00
0.000000000000000000e+00
0.000000000000000000e+00
0.000000000000000000e+00
0.000000000000000000e+00
0.000000000000000000e+00
0.000000000000000000e+00
0.000000000000000000e+00
0.000000000000000000e+00
0.000000000000000000e+00
0.000000000000000000e+00
0.000000000000000000e+00
0.000000000000000000e+00
0.000000000000000000e+00
0.000000000000000000e+00
0.000000000000000000e+00
0.000000000000000000e+00
0.000000000000000000e+00
0.000000000000000000e+00
0.000000000000000000e+00
0.000000000000000000e+00
0.000000000000000000e+00
0.000000000000000000e+00
0.000000000000000000e+00
0.000000000000000000e+00
0.000000000000000000e+00
0.000000000000000000e+00
0.000000000000000000e+00
0.000000000000000000e+00
0.000000000000000000e+00
0.000000000000000000e+00
0.000000000000000000e+00
0.000000000000000000e+00
0.000000000000000000e+00
0.000000000000000000e+00
0.000000000000000000e+00
0.000000000000000000e+00
0.000000000000000000e+00
0.000000000000000000e+00
0.000000000000000000e+00
0.000000000000000000e+00
0.000000000000000000e+00
0.000000000000000000e+00
0.000000000000000000e+00
0.000000000000000000e+00
0.000000000000000000e+00
0.000000000000000000e+00
0.000000000000000000e+00
0.000000000000000000e+00
0.000000000000000000e+00
0.000000000000000000e+00
0.000000000000000000e+00
0.000000000000000000e+00
0.000000000000000000e+00
0.000000000000000000e+00
0.000000000000000000e+00
0.000000000000000000e+00
0.000000000000000000e+00
0.000000000000000000e+00
0.000000000000000000e+00
0.000000000000000000e+00
0.000000000000000000e+00
0.000000000000000000e+00
0.000000000000000000e+00
0.000000000000000000e+00
0.000000000000000000e+00
0.000000000000000000e+00
0.000000000000000000e+00
0.000000000000000000e+00
0.000000000000000000e+00
0.000000000000000000e+00
0.000000000000000000e+00
0.000000000000000000e+00
0.000000000000000000e+00
0.000000000000000000e+00
0.000000000000000000e+00
0.000000000000000000e+00
0.000000000000000000e+00
0.000000000000000000e+00
0.000000000000000000e+00
0.000000000000000000e+00
0.000000000000000000e+00
0.000000000000000000e+00
0.000000000000000000e+00
0.000000000000000000e+00
0.000000000000000000e+00
0.000000000000000000e+00
0.000000000000000000e+00
0.000000000000000000e+00
0.000000000000000000e+00
0.000000000000000000e+00
0.000000000000000000e+00
0.000000000000000000e+00
0.000000000000000000e+00
0.000000000000000000e+00
0.000000000000000000e+00
0.000000000000000000e+00
0.000000000000000000e+00
0.000000000000000000e+00
0.000000000000000000e+00
0.000000000000000000e+00
0.000000000000000000e+00
0.000000000000000000e+00
0.000000000000000000e+00
0.000000000000000000e+00
0.000000000000000000e+00
0.000000000000000000e+00
0.000000000000000000e+00
0.000000000000000000e+00
0.000000000000000000e+00
0.000000000000000000e+00
0.000000000000000000e+00
0.000000000000000000e+00
0.000000000000000000e+00
0.000000000000000000e+00
0.000000000000000000e+00
0.000000000000000000e+00
0.000000000000000000e+00
0.000000000000000000e+00
0.000000000000000000e+00
0.000000000000000000e+00
0.000000000000000000e+00
0.000000000000000000e+00
0.000000000000000000e+00
0.000000000000000000e+00
0.000000000000000000e+00
0.000000000000000000e+00
0.000000000000000000e+00
0.000000000000000000e+00
0.000000000000000000e+00
0.000000000000000000e+00
0.000000000000000000e+00
0.000000000000000000e+00
0.000000000000000000e+00
0.000000000000000000e+00
0.000000000000000000e+00
0.000000000000000000e+00
0.000000000000000000e+00
0.000000000000000000e+00
0.000000000000000000e+00
0.000000000000000000e+00
0.000000000000000000e+00
0.000000000000000000e+00
0.000000000000000000e+00
0.000000000000000000e+00
0.000000000000000000e+00
0.000000000000000000e+00
0.000000000000000000e+00
0.000000000000000000e+00
0.000000000000000000e+00
0.000000000000000000e+00
0.000000000000000000e+00
0.000000000000000000e+00
0.000000000000000000e+00
0.000000000000000000e+00
0.000000000000000000e+00
0.000000000000000000e+00
0.000000000000000000e+00
0.000000000000000000e+00
0.000000000000000000e+00
0.000000000000000000e+00
0.000000000000000000e+00
0.000000000000000000e+00
0.000000000000000000e+00
0.000000000000000000e+00
0.000000000000000000e+00
0.000000000000000000e+00
0.000000000000000000e+00
0.000000000000000000e+00
0.000000000000000000e+00
0.000000000000000000e+00
0.000000000000000000e+00
0.000000000000000000e+00
0.000000000000000000e+00
0.000000000000000000e+00
0.000000000000000000e+00
0.000000000000000000e+00
0.000000000000000000e+00
0.000000000000000000e+00
0.000000000000000000e+00
0.000000000000000000e+00
0.000000000000000000e+00
0.000000000000000000e+00
0.000000000000000000e+00
0.000000000000000000e+00
0.000000000000000000e+00
0.000000000000000000e+00
0.000000000000000000e+00
0.000000000000000000e+00
0.000000000000000000e+00
0.000000000000000000e+00
0.000000000000000000e+00
0.000000000000000000e+00
0.000000000000000000e+00
0.000000000000000000e+00
0.000000000000000000e+00
0.000000000000000000e+00
0.000000000000000000e+00
0.000000000000000000e+00
0.000000000000000000e+00
0.000000000000000000e+00
0.000000000000000000e+00
0.000000000000000000e+00
0.000000000000000000e+00
0.000000000000000000e+00
0.000000000000000000e+00
0.000000000000000000e+00
0.000000000000000000e+00
0.000000000000000000e+00
0.000000000000000000e+00
0.000000000000000000e+00
0.000000000000000000e+00
0.000000000000000000e+00
0.000000000000000000e+00
0.000000000000000000e+00
0.000000000000000000e+00
0.000000000000000000e+00
0.000000000000000000e+00
0.000000000000000000e+00
0.000000000000000000e+00
0.000000000000000000e+00
0.000000000000000000e+00
0.000000000000000000e+00
0.000000000000000000e+00
0.000000000000000000e+00
0.000000000000000000e+00
0.000000000000000000e+00
0.000000000000000000e+00
0.000000000000000000e+00
0.000000000000000000e+00
0.000000000000000000e+00
0.000000000000000000e+00
0.000000000000000000e+00
0.000000000000000000e+00
0.000000000000000000e+00
0.000000000000000000e+00
0.000000000000000000e+00
0.000000000000000000e+00
0.000000000000000000e+00
0.000000000000000000e+00
0.000000000000000000e+00
0.000000000000000000e+00
0.000000000000000000e+00
0.000000000000000000e+00
0.000000000000000000e+00
0.000000000000000000e+00
0.000000000000000000e+00
0.000000000000000000e+00
0.000000000000000000e+00
0.000000000000000000e+00
0.000000000000000000e+00
0.000000000000000000e+00
0.000000000000000000e+00
0.000000000000000000e+00
0.000000000000000000e+00
0.000000000000000000e+00
0.000000000000000000e+00
0.000000000000000000e+00
0.000000000000000000e+00
0.000000000000000000e+00
0.000000000000000000e+00
0.000000000000000000e+00
0.000000000000000000e+00
0.000000000000000000e+00
0.000000000000000000e+00
0.000000000000000000e+00
0.000000000000000000e+00
0.000000000000000000e+00
0.000000000000000000e+00
0.000000000000000000e+00
0.000000000000000000e+00
0.000000000000000000e+00
0.000000000000000000e+00
0.000000000000000000e+00
0.000000000000000000e+00
0.000000000000000000e+00
0.000000000000000000e+00
0.000000000000000000e+00
0.000000000000000000e+00
0.000000000000000000e+00
0.000000000000000000e+00
0.000000000000000000e+00
0.000000000000000000e+00
0.000000000000000000e+00
0.000000000000000000e+00
0.000000000000000000e+00
0.000000000000000000e+00
0.000000000000000000e+00
0.000000000000000000e+00
0.000000000000000000e+00
0.000000000000000000e+00
0.000000000000000000e+00
0.000000000000000000e+00
0.000000000000000000e+00
0.000000000000000000e+00
0.000000000000000000e+00
0.000000000000000000e+00
0.000000000000000000e+00
0.000000000000000000e+00
0.000000000000000000e+00
0.000000000000000000e+00
0.000000000000000000e+00
0.000000000000000000e+00
0.000000000000000000e+00
0.000000000000000000e+00
0.000000000000000000e+00
0.000000000000000000e+00
0.000000000000000000e+00
0.000000000000000000e+00
0.000000000000000000e+00
0.000000000000000000e+00
0.000000000000000000e+00
0.000000000000000000e+00
0.000000000000000000e+00
0.000000000000000000e+00
0.000000000000000000e+00
0.000000000000000000e+00
0.000000000000000000e+00
0.000000000000000000e+00
0.000000000000000000e+00
0.000000000000000000e+00
0.000000000000000000e+00
0.000000000000000000e+00
0.000000000000000000e+00
0.000000000000000000e+00
0.000000000000000000e+00
0.000000000000000000e+00
0.000000000000000000e+00
0.000000000000000000e+00
0.000000000000000000e+00
0.000000000000000000e+00
0.000000000000000000e+00
0.000000000000000000e+00
0.000000000000000000e+00
0.000000000000000000e+00
0.000000000000000000e+00
0.000000000000000000e+00
0.000000000000000000e+00
0.000000000000000000e+00
0.000000000000000000e+00
0.000000000000000000e+00
0.000000000000000000e+00
0.000000000000000000e+00
0.000000000000000000e+00
0.000000000000000000e+00
0.000000000000000000e+00
0.000000000000000000e+00
0.000000000000000000e+00
0.000000000000000000e+00
0.000000000000000000e+00
0.000000000000000000e+00
0.000000000000000000e+00
0.000000000000000000e+00
0.000000000000000000e+00
0.000000000000000000e+00
0.000000000000000000e+00
0.000000000000000000e+00
0.000000000000000000e+00
0.000000000000000000e+00
0.000000000000000000e+00
0.000000000000000000e+00
0.000000000000000000e+00
0.000000000000000000e+00
0.000000000000000000e+00
0.000000000000000000e+00
0.000000000000000000e+00
0.000000000000000000e+00
0.000000000000000000e+00
0.000000000000000000e+00
0.000000000000000000e+00
0.000000000000000000e+00
0.000000000000000000e+00
0.000000000000000000e+00
0.000000000000000000e+00
0.000000000000000000e+00
0.000000000000000000e+00
0.000000000000000000e+00
0.000000000000000000e+00
0.000000000000000000e+00
0.000000000000000000e+00
0.000000000000000000e+00
0.000000000000000000e+00
0.000000000000000000e+00
0.000000000000000000e+00
0.000000000000000000e+00
0.000000000000000000e+00
0.000000000000000000e+00
0.000000000000000000e+00
0.000000000000000000e+00
0.000000000000000000e+00
0.000000000000000000e+00
0.000000000000000000e+00
0.000000000000000000e+00
0.000000000000000000e+00
0.000000000000000000e+00
0.000000000000000000e+00
0.000000000000000000e+00
0.000000000000000000e+00
0.000000000000000000e+00
0.000000000000000000e+00
0.000000000000000000e+00
0.000000000000000000e+00
0.000000000000000000e+00
0.000000000000000000e+00
0.000000000000000000e+00
0.000000000000000000e+00
0.000000000000000000e+00
0.000000000000000000e+00
0.000000000000000000e+00
0.000000000000000000e+00
0.000000000000000000e+00
0.000000000000000000e+00
0.000000000000000000e+00
0.000000000000000000e+00
0.000000000000000000e+00
0.000000000000000000e+00
0.000000000000000000e+00
0.000000000000000000e+00
0.000000000000000000e+00
0.000000000000000000e+00
0.000000000000000000e+00
0.000000000000000000e+00
0.000000000000000000e+00
0.000000000000000000e+00
0.000000000000000000e+00
0.000000000000000000e+00
0.000000000000000000e+00
0.000000000000000000e+00
0.000000000000000000e+00
0.000000000000000000e+00
0.000000000000000000e+00
0.000000000000000000e+00
0.000000000000000000e+00
0.000000000000000000e+00
0.000000000000000000e+00
0.000000000000000000e+00
0.000000000000000000e+00
0.000000000000000000e+00
0.000000000000000000e+00
0.000000000000000000e+00
0.000000000000000000e+00
0.000000000000000000e+00
0.000000000000000000e+00
0.000000000000000000e+00
0.000000000000000000e+00
0.000000000000000000e+00
0.000000000000000000e+00
0.000000000000000000e+00
0.000000000000000000e+00
0.000000000000000000e+00
0.000000000000000000e+00
0.000000000000000000e+00
0.000000000000000000e+00
0.000000000000000000e+00
0.000000000000000000e+00
0.000000000000000000e+00
0.000000000000000000e+00
0.000000000000000000e+00
0.000000000000000000e+00
0.000000000000000000e+00
0.000000000000000000e+00
0.000000000000000000e+00
0.000000000000000000e+00
0.000000000000000000e+00
0.000000000000000000e+00
0.000000000000000000e+00
0.000000000000000000e+00
0.000000000000000000e+00
0.000000000000000000e+00
0.000000000000000000e+00
0.000000000000000000e+00
0.000000000000000000e+00
0.000000000000000000e+00
0.000000000000000000e+00
0.000000000000000000e+00
0.000000000000000000e+00
0.000000000000000000e+00
0.000000000000000000e+00
0.000000000000000000e+00
0.000000000000000000e+00
0.000000000000000000e+00
0.000000000000000000e+00
0.000000000000000000e+00
0.000000000000000000e+00
0.000000000000000000e+00
0.000000000000000000e+00
0.000000000000000000e+00
0.000000000000000000e+00
0.000000000000000000e+00
0.000000000000000000e+00
0.000000000000000000e+00
0.000000000000000000e+00
0.000000000000000000e+00
0.000000000000000000e+00
0.000000000000000000e+00
0.000000000000000000e+00
0.000000000000000000e+00
0.000000000000000000e+00
0.000000000000000000e+00
0.000000000000000000e+00
0.000000000000000000e+00
0.000000000000000000e+00
0.000000000000000000e+00
0.000000000000000000e+00
0.000000000000000000e+00
0.000000000000000000e+00
0.000000000000000000e+00
0.000000000000000000e+00
0.000000000000000000e+00
0.000000000000000000e+00
0.000000000000000000e+00
0.000000000000000000e+00
0.000000000000000000e+00
0.000000000000000000e+00
0.000000000000000000e+00
0.000000000000000000e+00
0.000000000000000000e+00
0.000000000000000000e+00
0.000000000000000000e+00
0.000000000000000000e+00
0.000000000000000000e+00
0.000000000000000000e+00
0.000000000000000000e+00
0.000000000000000000e+00
0.000000000000000000e+00
0.000000000000000000e+00
0.000000000000000000e+00
0.000000000000000000e+00
0.000000000000000000e+00
0.000000000000000000e+00
0.000000000000000000e+00
0.000000000000000000e+00
0.000000000000000000e+00
0.000000000000000000e+00
0.000000000000000000e+00
0.000000000000000000e+00
0.000000000000000000e+00
0.000000000000000000e+00
0.000000000000000000e+00
0.000000000000000000e+00
0.000000000000000000e+00
0.000000000000000000e+00
0.000000000000000000e+00
0.000000000000000000e+00
0.000000000000000000e+00
0.000000000000000000e+00
0.000000000000000000e+00
0.000000000000000000e+00
0.000000000000000000e+00
0.000000000000000000e+00
0.000000000000000000e+00
0.000000000000000000e+00
0.000000000000000000e+00
0.000000000000000000e+00
0.000000000000000000e+00
0.000000000000000000e+00
0.000000000000000000e+00
0.000000000000000000e+00
0.000000000000000000e+00
0.000000000000000000e+00
0.000000000000000000e+00
0.000000000000000000e+00
0.000000000000000000e+00
0.000000000000000000e+00
0.000000000000000000e+00
0.000000000000000000e+00
0.000000000000000000e+00
0.000000000000000000e+00
0.000000000000000000e+00
0.000000000000000000e+00
0.000000000000000000e+00
0.000000000000000000e+00
0.000000000000000000e+00
0.000000000000000000e+00
0.000000000000000000e+00
0.000000000000000000e+00
0.000000000000000000e+00
0.000000000000000000e+00
0.000000000000000000e+00
0.000000000000000000e+00
0.000000000000000000e+00
0.000000000000000000e+00
0.000000000000000000e+00
0.000000000000000000e+00
0.000000000000000000e+00
0.000000000000000000e+00
0.000000000000000000e+00
0.000000000000000000e+00
0.000000000000000000e+00
0.000000000000000000e+00
0.000000000000000000e+00
0.000000000000000000e+00
0.000000000000000000e+00
0.000000000000000000e+00
0.000000000000000000e+00
0.000000000000000000e+00
0.000000000000000000e+00
0.000000000000000000e+00
0.000000000000000000e+00
0.000000000000000000e+00
0.000000000000000000e+00
0.000000000000000000e+00
0.000000000000000000e+00
0.000000000000000000e+00
0.000000000000000000e+00
0.000000000000000000e+00
0.000000000000000000e+00
0.000000000000000000e+00
0.000000000000000000e+00
0.000000000000000000e+00
0.000000000000000000e+00
0.000000000000000000e+00
0.000000000000000000e+00
0.000000000000000000e+00
0.000000000000000000e+00
0.000000000000000000e+00
0.000000000000000000e+00
0.000000000000000000e+00
0.000000000000000000e+00
0.000000000000000000e+00
0.000000000000000000e+00
0.000000000000000000e+00
0.000000000000000000e+00
0.000000000000000000e+00
0.000000000000000000e+00
0.000000000000000000e+00
0.000000000000000000e+00
0.000000000000000000e+00
0.000000000000000000e+00
0.000000000000000000e+00
0.000000000000000000e+00
0.000000000000000000e+00
0.000000000000000000e+00
0.000000000000000000e+00
0.000000000000000000e+00
0.000000000000000000e+00
0.000000000000000000e+00
0.000000000000000000e+00
0.000000000000000000e+00
0.000000000000000000e+00
0.000000000000000000e+00
0.000000000000000000e+00
0.000000000000000000e+00
0.000000000000000000e+00
0.000000000000000000e+00
0.000000000000000000e+00
0.000000000000000000e+00
0.000000000000000000e+00
0.000000000000000000e+00
0.000000000000000000e+00
0.000000000000000000e+00
0.000000000000000000e+00
0.000000000000000000e+00
0.000000000000000000e+00
0.000000000000000000e+00
0.000000000000000000e+00
0.000000000000000000e+00
0.000000000000000000e+00
0.000000000000000000e+00
0.000000000000000000e+00
0.000000000000000000e+00
0.000000000000000000e+00
0.000000000000000000e+00
0.000000000000000000e+00
0.000000000000000000e+00
0.000000000000000000e+00
0.000000000000000000e+00
0.000000000000000000e+00
0.000000000000000000e+00
0.000000000000000000e+00
0.000000000000000000e+00
0.000000000000000000e+00
0.000000000000000000e+00
0.000000000000000000e+00
0.000000000000000000e+00
0.000000000000000000e+00
0.000000000000000000e+00
0.000000000000000000e+00
0.000000000000000000e+00
0.000000000000000000e+00
0.000000000000000000e+00
0.000000000000000000e+00
0.000000000000000000e+00
0.000000000000000000e+00
0.000000000000000000e+00
0.000000000000000000e+00
0.000000000000000000e+00
0.000000000000000000e+00
0.000000000000000000e+00
0.000000000000000000e+00
0.000000000000000000e+00
0.000000000000000000e+00
0.000000000000000000e+00
0.000000000000000000e+00
0.000000000000000000e+00
0.000000000000000000e+00
0.000000000000000000e+00
0.000000000000000000e+00
0.000000000000000000e+00
0.000000000000000000e+00
0.000000000000000000e+00
0.000000000000000000e+00
0.000000000000000000e+00
0.000000000000000000e+00
0.000000000000000000e+00
0.000000000000000000e+00
0.000000000000000000e+00
0.000000000000000000e+00
0.000000000000000000e+00
0.000000000000000000e+00
0.000000000000000000e+00
0.000000000000000000e+00
0.000000000000000000e+00
0.000000000000000000e+00
0.000000000000000000e+00
0.000000000000000000e+00
0.000000000000000000e+00
0.000000000000000000e+00
0.000000000000000000e+00
0.000000000000000000e+00
0.000000000000000000e+00
0.000000000000000000e+00
0.000000000000000000e+00
0.000000000000000000e+00
0.000000000000000000e+00
0.000000000000000000e+00
0.000000000000000000e+00
0.000000000000000000e+00
0.000000000000000000e+00
0.000000000000000000e+00
0.000000000000000000e+00
0.000000000000000000e+00
0.000000000000000000e+00
0.000000000000000000e+00
0.000000000000000000e+00
0.000000000000000000e+00
0.000000000000000000e+00
0.000000000000000000e+00
0.000000000000000000e+00
0.000000000000000000e+00
0.000000000000000000e+00
0.000000000000000000e+00
0.000000000000000000e+00
0.000000000000000000e+00
0.000000000000000000e+00
0.000000000000000000e+00
0.000000000000000000e+00
0.000000000000000000e+00
0.000000000000000000e+00
0.000000000000000000e+00
0.000000000000000000e+00
0.000000000000000000e+00
0.000000000000000000e+00
0.000000000000000000e+00
0.000000000000000000e+00
0.000000000000000000e+00
0.000000000000000000e+00
0.000000000000000000e+00
0.000000000000000000e+00
0.000000000000000000e+00
0.000000000000000000e+00
0.000000000000000000e+00
0.000000000000000000e+00
0.000000000000000000e+00
0.000000000000000000e+00
0.000000000000000000e+00
0.000000000000000000e+00
0.000000000000000000e+00
0.000000000000000000e+00
0.000000000000000000e+00
0.000000000000000000e+00
0.000000000000000000e+00
0.000000000000000000e+00
0.000000000000000000e+00
0.000000000000000000e+00
0.000000000000000000e+00
0.000000000000000000e+00
0.000000000000000000e+00
0.000000000000000000e+00
0.000000000000000000e+00
0.000000000000000000e+00
0.000000000000000000e+00
0.000000000000000000e+00
0.000000000000000000e+00
0.000000000000000000e+00
0.000000000000000000e+00
0.000000000000000000e+00
0.000000000000000000e+00
0.000000000000000000e+00
0.000000000000000000e+00
0.000000000000000000e+00
0.000000000000000000e+00
0.000000000000000000e+00
0.000000000000000000e+00
0.000000000000000000e+00
0.000000000000000000e+00
0.000000000000000000e+00
0.000000000000000000e+00
0.000000000000000000e+00
0.000000000000000000e+00
0.000000000000000000e+00
0.000000000000000000e+00
0.000000000000000000e+00
0.000000000000000000e+00
0.000000000000000000e+00
0.000000000000000000e+00
0.000000000000000000e+00
0.000000000000000000e+00
0.000000000000000000e+00
0.000000000000000000e+00
0.000000000000000000e+00
0.000000000000000000e+00
0.000000000000000000e+00
0.000000000000000000e+00
0.000000000000000000e+00
0.000000000000000000e+00
0.000000000000000000e+00
0.000000000000000000e+00
0.000000000000000000e+00
0.000000000000000000e+00
0.000000000000000000e+00
0.000000000000000000e+00
0.000000000000000000e+00
0.000000000000000000e+00
0.000000000000000000e+00
0.000000000000000000e+00
0.000000000000000000e+00
0.000000000000000000e+00
0.000000000000000000e+00
0.000000000000000000e+00
0.000000000000000000e+00
0.000000000000000000e+00
0.000000000000000000e+00
0.000000000000000000e+00
0.000000000000000000e+00
0.000000000000000000e+00
0.000000000000000000e+00
0.000000000000000000e+00
0.000000000000000000e+00
0.000000000000000000e+00
0.000000000000000000e+00
0.000000000000000000e+00
0.000000000000000000e+00
0.000000000000000000e+00
0.000000000000000000e+00
0.000000000000000000e+00
0.000000000000000000e+00
0.000000000000000000e+00
0.000000000000000000e+00
0.000000000000000000e+00
0.000000000000000000e+00
0.000000000000000000e+00
0.000000000000000000e+00
0.000000000000000000e+00
0.000000000000000000e+00
0.000000000000000000e+00
0.000000000000000000e+00
0.000000000000000000e+00
0.000000000000000000e+00
0.000000000000000000e+00
0.000000000000000000e+00
0.000000000000000000e+00
0.000000000000000000e+00
0.000000000000000000e+00
0.000000000000000000e+00
0.000000000000000000e+00
0.000000000000000000e+00
0.000000000000000000e+00
0.000000000000000000e+00
0.000000000000000000e+00
0.000000000000000000e+00
0.000000000000000000e+00
0.000000000000000000e+00
0.000000000000000000e+00
0.000000000000000000e+00
0.000000000000000000e+00
0.000000000000000000e+00
0.000000000000000000e+00
0.000000000000000000e+00
0.000000000000000000e+00
0.000000000000000000e+00
0.000000000000000000e+00
0.000000000000000000e+00
0.000000000000000000e+00
0.000000000000000000e+00
0.000000000000000000e+00
0.000000000000000000e+00
0.000000000000000000e+00
0.000000000000000000e+00
0.000000000000000000e+00
0.000000000000000000e+00
0.000000000000000000e+00
0.000000000000000000e+00
0.000000000000000000e+00
0.000000000000000000e+00
0.000000000000000000e+00
0.000000000000000000e+00
0.000000000000000000e+00
0.000000000000000000e+00
0.000000000000000000e+00
0.000000000000000000e+00
0.000000000000000000e+00
0.000000000000000000e+00
0.000000000000000000e+00
0.000000000000000000e+00
0.000000000000000000e+00
0.000000000000000000e+00
0.000000000000000000e+00
0.000000000000000000e+00
0.000000000000000000e+00
0.000000000000000000e+00
0.000000000000000000e+00
0.000000000000000000e+00
0.000000000000000000e+00
0.000000000000000000e+00
0.000000000000000000e+00
0.000000000000000000e+00
0.000000000000000000e+00
0.000000000000000000e+00
0.000000000000000000e+00
0.000000000000000000e+00
0.000000000000000000e+00
0.000000000000000000e+00
0.000000000000000000e+00
0.000000000000000000e+00
0.000000000000000000e+00
0.000000000000000000e+00
0.000000000000000000e+00
0.000000000000000000e+00
0.000000000000000000e+00
0.000000000000000000e+00
0.000000000000000000e+00
0.000000000000000000e+00
0.000000000000000000e+00
0.000000000000000000e+00
0.000000000000000000e+00
0.000000000000000000e+00
0.000000000000000000e+00
0.000000000000000000e+00
0.000000000000000000e+00
0.000000000000000000e+00
0.000000000000000000e+00
0.000000000000000000e+00
0.000000000000000000e+00
0.000000000000000000e+00
0.000000000000000000e+00
0.000000000000000000e+00
0.000000000000000000e+00
0.000000000000000000e+00
0.000000000000000000e+00
0.000000000000000000e+00
0.000000000000000000e+00
0.000000000000000000e+00
0.000000000000000000e+00
0.000000000000000000e+00
0.000000000000000000e+00
0.000000000000000000e+00
0.000000000000000000e+00
0.000000000000000000e+00
0.000000000000000000e+00
0.000000000000000000e+00
0.000000000000000000e+00
0.000000000000000000e+00
0.000000000000000000e+00
0.000000000000000000e+00
0.000000000000000000e+00
0.000000000000000000e+00
0.000000000000000000e+00
0.000000000000000000e+00
0.000000000000000000e+00
0.000000000000000000e+00
0.000000000000000000e+00
0.000000000000000000e+00
0.000000000000000000e+00
0.000000000000000000e+00
0.000000000000000000e+00
0.000000000000000000e+00
0.000000000000000000e+00
0.000000000000000000e+00
0.000000000000000000e+00
0.000000000000000000e+00
0.000000000000000000e+00
0.000000000000000000e+00
0.000000000000000000e+00
0.000000000000000000e+00
0.000000000000000000e+00
0.000000000000000000e+00
0.000000000000000000e+00
0.000000000000000000e+00
0.000000000000000000e+00
0.000000000000000000e+00
0.000000000000000000e+00
0.000000000000000000e+00
0.000000000000000000e+00
0.000000000000000000e+00
0.000000000000000000e+00
0.000000000000000000e+00
0.000000000000000000e+00
0.000000000000000000e+00
0.000000000000000000e+00
0.000000000000000000e+00
0.000000000000000000e+00
0.000000000000000000e+00
0.000000000000000000e+00
0.000000000000000000e+00
0.000000000000000000e+00
0.000000000000000000e+00
0.000000000000000000e+00
0.000000000000000000e+00
0.000000000000000000e+00
0.000000000000000000e+00
0.000000000000000000e+00
0.000000000000000000e+00
0.000000000000000000e+00
0.000000000000000000e+00
0.000000000000000000e+00
0.000000000000000000e+00
0.000000000000000000e+00
0.000000000000000000e+00
0.000000000000000000e+00
0.000000000000000000e+00
0.000000000000000000e+00
0.000000000000000000e+00
0.000000000000000000e+00
0.000000000000000000e+00
0.000000000000000000e+00
0.000000000000000000e+00
0.000000000000000000e+00
0.000000000000000000e+00
0.000000000000000000e+00
0.000000000000000000e+00
0.000000000000000000e+00
0.000000000000000000e+00
0.000000000000000000e+00
0.000000000000000000e+00
0.000000000000000000e+00
0.000000000000000000e+00
0.000000000000000000e+00
0.000000000000000000e+00
0.000000000000000000e+00
0.000000000000000000e+00
0.000000000000000000e+00
0.000000000000000000e+00
0.000000000000000000e+00
0.000000000000000000e+00
0.000000000000000000e+00
0.000000000000000000e+00
0.000000000000000000e+00
0.000000000000000000e+00
0.000000000000000000e+00
0.000000000000000000e+00
0.000000000000000000e+00
0.000000000000000000e+00
0.000000000000000000e+00
0.000000000000000000e+00
0.000000000000000000e+00
0.000000000000000000e+00
0.000000000000000000e+00
0.000000000000000000e+00
0.000000000000000000e+00
0.000000000000000000e+00
0.000000000000000000e+00
0.000000000000000000e+00
0.000000000000000000e+00
0.000000000000000000e+00
0.000000000000000000e+00
0.000000000000000000e+00
0.000000000000000000e+00
0.000000000000000000e+00
0.000000000000000000e+00
0.000000000000000000e+00
0.000000000000000000e+00
0.000000000000000000e+00
0.000000000000000000e+00
0.000000000000000000e+00
0.000000000000000000e+00
0.000000000000000000e+00
0.000000000000000000e+00
0.000000000000000000e+00
0.000000000000000000e+00
0.000000000000000000e+00
0.000000000000000000e+00
0.000000000000000000e+00
0.000000000000000000e+00
0.000000000000000000e+00
0.000000000000000000e+00
0.000000000000000000e+00
0.000000000000000000e+00
0.000000000000000000e+00
0.000000000000000000e+00
0.000000000000000000e+00
0.000000000000000000e+00
0.000000000000000000e+00
0.000000000000000000e+00
0.000000000000000000e+00
0.000000000000000000e+00
0.000000000000000000e+00
0.000000000000000000e+00
0.000000000000000000e+00
0.000000000000000000e+00
0.000000000000000000e+00
0.000000000000000000e+00
0.000000000000000000e+00
0.000000000000000000e+00
0.000000000000000000e+00
0.000000000000000000e+00
0.000000000000000000e+00
0.000000000000000000e+00
0.000000000000000000e+00
0.000000000000000000e+00
0.000000000000000000e+00
0.000000000000000000e+00
0.000000000000000000e+00
0.000000000000000000e+00
0.000000000000000000e+00
0.000000000000000000e+00
0.000000000000000000e+00
0.000000000000000000e+00
0.000000000000000000e+00
0.000000000000000000e+00
0.000000000000000000e+00
0.000000000000000000e+00
0.000000000000000000e+00
0.000000000000000000e+00
0.000000000000000000e+00
0.000000000000000000e+00
0.000000000000000000e+00
0.000000000000000000e+00
0.000000000000000000e+00
0.000000000000000000e+00
0.000000000000000000e+00
0.000000000000000000e+00
0.000000000000000000e+00
0.000000000000000000e+00
0.000000000000000000e+00
0.000000000000000000e+00
0.000000000000000000e+00
0.000000000000000000e+00
0.000000000000000000e+00
0.000000000000000000e+00
0.000000000000000000e+00
0.000000000000000000e+00
0.000000000000000000e+00
0.000000000000000000e+00
0.000000000000000000e+00
0.000000000000000000e+00
0.000000000000000000e+00
0.000000000000000000e+00
0.000000000000000000e+00
0.000000000000000000e+00
0.000000000000000000e+00
0.000000000000000000e+00
0.000000000000000000e+00
0.000000000000000000e+00
0.000000000000000000e+00
0.000000000000000000e+00
0.000000000000000000e+00
0.000000000000000000e+00
0.000000000000000000e+00
0.000000000000000000e+00
0.000000000000000000e+00
0.000000000000000000e+00
0.000000000000000000e+00
0.000000000000000000e+00
0.000000000000000000e+00
0.000000000000000000e+00
0.000000000000000000e+00
0.000000000000000000e+00
0.000000000000000000e+00
0.000000000000000000e+00
0.000000000000000000e+00
0.000000000000000000e+00
0.000000000000000000e+00
0.000000000000000000e+00
0.000000000000000000e+00
0.000000000000000000e+00
0.000000000000000000e+00
0.000000000000000000e+00
0.000000000000000000e+00
0.000000000000000000e+00
0.000000000000000000e+00
0.000000000000000000e+00
0.000000000000000000e+00
0.000000000000000000e+00
0.000000000000000000e+00
0.000000000000000000e+00
0.000000000000000000e+00
0.000000000000000000e+00
0.000000000000000000e+00
0.000000000000000000e+00
0.000000000000000000e+00
0.000000000000000000e+00
0.000000000000000000e+00
0.000000000000000000e+00
0.000000000000000000e+00
0.000000000000000000e+00
0.000000000000000000e+00
0.000000000000000000e+00
0.000000000000000000e+00
0.000000000000000000e+00
0.000000000000000000e+00
0.000000000000000000e+00
0.000000000000000000e+00
0.000000000000000000e+00
0.000000000000000000e+00
0.000000000000000000e+00
0.000000000000000000e+00
0.000000000000000000e+00
0.000000000000000000e+00
0.000000000000000000e+00
0.000000000000000000e+00
0.000000000000000000e+00
0.000000000000000000e+00
0.000000000000000000e+00
0.000000000000000000e+00
0.000000000000000000e+00
0.000000000000000000e+00
0.000000000000000000e+00
0.000000000000000000e+00
0.000000000000000000e+00
0.000000000000000000e+00
0.000000000000000000e+00
0.000000000000000000e+00
0.000000000000000000e+00
0.000000000000000000e+00
0.000000000000000000e+00
0.000000000000000000e+00
0.000000000000000000e+00
0.000000000000000000e+00
0.000000000000000000e+00
0.000000000000000000e+00
0.000000000000000000e+00
0.000000000000000000e+00
0.000000000000000000e+00
0.000000000000000000e+00
0.000000000000000000e+00
0.000000000000000000e+00
0.000000000000000000e+00
0.000000000000000000e+00
0.000000000000000000e+00
0.000000000000000000e+00
0.000000000000000000e+00
0.000000000000000000e+00
0.000000000000000000e+00
0.000000000000000000e+00
0.000000000000000000e+00
0.000000000000000000e+00
0.000000000000000000e+00
0.000000000000000000e+00
0.000000000000000000e+00
0.000000000000000000e+00
0.000000000000000000e+00
0.000000000000000000e+00
0.000000000000000000e+00
0.000000000000000000e+00
0.000000000000000000e+00
0.000000000000000000e+00
0.000000000000000000e+00
0.000000000000000000e+00
0.000000000000000000e+00
0.000000000000000000e+00
0.000000000000000000e+00
0.000000000000000000e+00
0.000000000000000000e+00
0.000000000000000000e+00
0.000000000000000000e+00
0.000000000000000000e+00
0.000000000000000000e+00
0.000000000000000000e+00
0.000000000000000000e+00
0.000000000000000000e+00
0.000000000000000000e+00
0.000000000000000000e+00
0.000000000000000000e+00
0.000000000000000000e+00
0.000000000000000000e+00
0.000000000000000000e+00
0.000000000000000000e+00
0.000000000000000000e+00
0.000000000000000000e+00
0.000000000000000000e+00
0.000000000000000000e+00
0.000000000000000000e+00
0.000000000000000000e+00
0.000000000000000000e+00
0.000000000000000000e+00
0.000000000000000000e+00
0.000000000000000000e+00
0.000000000000000000e+00
0.000000000000000000e+00
0.000000000000000000e+00
0.000000000000000000e+00
0.000000000000000000e+00
0.000000000000000000e+00
0.000000000000000000e+00
0.000000000000000000e+00
0.000000000000000000e+00
0.000000000000000000e+00
0.000000000000000000e+00
0.000000000000000000e+00
0.000000000000000000e+00
0.000000000000000000e+00
0.000000000000000000e+00
0.000000000000000000e+00
0.000000000000000000e+00
0.000000000000000000e+00
0.000000000000000000e+00
0.000000000000000000e+00
0.000000000000000000e+00
0.000000000000000000e+00
0.000000000000000000e+00
0.000000000000000000e+00
0.000000000000000000e+00
0.000000000000000000e+00
0.000000000000000000e+00
0.000000000000000000e+00
0.000000000000000000e+00
0.000000000000000000e+00
0.000000000000000000e+00
0.000000000000000000e+00
0.000000000000000000e+00
0.000000000000000000e+00
0.000000000000000000e+00
0.000000000000000000e+00
0.000000000000000000e+00
0.000000000000000000e+00
0.000000000000000000e+00
0.000000000000000000e+00
0.000000000000000000e+00
0.000000000000000000e+00
0.000000000000000000e+00
0.000000000000000000e+00
0.000000000000000000e+00
0.000000000000000000e+00
0.000000000000000000e+00
0.000000000000000000e+00
0.000000000000000000e+00
0.000000000000000000e+00
0.000000000000000000e+00
0.000000000000000000e+00
0.000000000000000000e+00
0.000000000000000000e+00
0.000000000000000000e+00
0.000000000000000000e+00
0.000000000000000000e+00
0.000000000000000000e+00
0.000000000000000000e+00
0.000000000000000000e+00
0.000000000000000000e+00
0.000000000000000000e+00
0.000000000000000000e+00
0.000000000000000000e+00
0.000000000000000000e+00
0.000000000000000000e+00
0.000000000000000000e+00
0.000000000000000000e+00
0.000000000000000000e+00
0.000000000000000000e+00
0.000000000000000000e+00
0.000000000000000000e+00
0.000000000000000000e+00
0.000000000000000000e+00
0.000000000000000000e+00
0.000000000000000000e+00
0.000000000000000000e+00
0.000000000000000000e+00
0.000000000000000000e+00
0.000000000000000000e+00
0.000000000000000000e+00
0.000000000000000000e+00
0.000000000000000000e+00
0.000000000000000000e+00
0.000000000000000000e+00
0.000000000000000000e+00
0.000000000000000000e+00
0.000000000000000000e+00
0.000000000000000000e+00
0.000000000000000000e+00
0.000000000000000000e+00
0.000000000000000000e+00
0.000000000000000000e+00
0.000000000000000000e+00
0.000000000000000000e+00
0.000000000000000000e+00
0.000000000000000000e+00
0.000000000000000000e+00
0.000000000000000000e+00
0.000000000000000000e+00
0.000000000000000000e+00
0.000000000000000000e+00
0.000000000000000000e+00
0.000000000000000000e+00
0.000000000000000000e+00
0.000000000000000000e+00
0.000000000000000000e+00
0.000000000000000000e+00
0.000000000000000000e+00
0.000000000000000000e+00
0.000000000000000000e+00
0.000000000000000000e+00
0.000000000000000000e+00
0.000000000000000000e+00
0.000000000000000000e+00
0.000000000000000000e+00
0.000000000000000000e+00
0.000000000000000000e+00
0.000000000000000000e+00
0.000000000000000000e+00
0.000000000000000000e+00
0.000000000000000000e+00
0.000000000000000000e+00
0.000000000000000000e+00
0.000000000000000000e+00
0.000000000000000000e+00
0.000000000000000000e+00
0.000000000000000000e+00
0.000000000000000000e+00
0.000000000000000000e+00
0.000000000000000000e+00
0.000000000000000000e+00
0.000000000000000000e+00
0.000000000000000000e+00
0.000000000000000000e+00
0.000000000000000000e+00
0.000000000000000000e+00
0.000000000000000000e+00
0.000000000000000000e+00
0.000000000000000000e+00
0.000000000000000000e+00
0.000000000000000000e+00
0.000000000000000000e+00
0.000000000000000000e+00
0.000000000000000000e+00
0.000000000000000000e+00
0.000000000000000000e+00
0.000000000000000000e+00
0.000000000000000000e+00
0.000000000000000000e+00
0.000000000000000000e+00
0.000000000000000000e+00
0.000000000000000000e+00
0.000000000000000000e+00
0.000000000000000000e+00
0.000000000000000000e+00
0.000000000000000000e+00
0.000000000000000000e+00
0.000000000000000000e+00
0.000000000000000000e+00
0.000000000000000000e+00
0.000000000000000000e+00
0.000000000000000000e+00
0.000000000000000000e+00
0.000000000000000000e+00
0.000000000000000000e+00
0.000000000000000000e+00
0.000000000000000000e+00
0.000000000000000000e+00
0.000000000000000000e+00
0.000000000000000000e+00
0.000000000000000000e+00
0.000000000000000000e+00
0.000000000000000000e+00
0.000000000000000000e+00
0.000000000000000000e+00
0.000000000000000000e+00
0.000000000000000000e+00
0.000000000000000000e+00
0.000000000000000000e+00
0.000000000000000000e+00
0.000000000000000000e+00
0.000000000000000000e+00
0.000000000000000000e+00
0.000000000000000000e+00
0.000000000000000000e+00
0.000000000000000000e+00
0.000000000000000000e+00
0.000000000000000000e+00
0.000000000000000000e+00
0.000000000000000000e+00
0.000000000000000000e+00
0.000000000000000000e+00
0.000000000000000000e+00
0.000000000000000000e+00
0.000000000000000000e+00
0.000000000000000000e+00
0.000000000000000000e+00
0.000000000000000000e+00
0.000000000000000000e+00
0.000000000000000000e+00
0.000000000000000000e+00
0.000000000000000000e+00
0.000000000000000000e+00
0.000000000000000000e+00
0.000000000000000000e+00
0.000000000000000000e+00
0.000000000000000000e+00
0.000000000000000000e+00
0.000000000000000000e+00
0.000000000000000000e+00
0.000000000000000000e+00
0.000000000000000000e+00
0.000000000000000000e+00
0.000000000000000000e+00
0.000000000000000000e+00
0.000000000000000000e+00
0.000000000000000000e+00
0.000000000000000000e+00
0.000000000000000000e+00
0.000000000000000000e+00
0.000000000000000000e+00
0.000000000000000000e+00
0.000000000000000000e+00
0.000000000000000000e+00
0.000000000000000000e+00
0.000000000000000000e+00
0.000000000000000000e+00
0.000000000000000000e+00
0.000000000000000000e+00
0.000000000000000000e+00
0.000000000000000000e+00
0.000000000000000000e+00
0.000000000000000000e+00
0.000000000000000000e+00
0.000000000000000000e+00
0.000000000000000000e+00
0.000000000000000000e+00
0.000000000000000000e+00
0.000000000000000000e+00
0.000000000000000000e+00
0.000000000000000000e+00
0.000000000000000000e+00
0.000000000000000000e+00
0.000000000000000000e+00
0.000000000000000000e+00
0.000000000000000000e+00
0.000000000000000000e+00
0.000000000000000000e+00
0.000000000000000000e+00
0.000000000000000000e+00
0.000000000000000000e+00
0.000000000000000000e+00
0.000000000000000000e+00
0.000000000000000000e+00
0.000000000000000000e+00
0.000000000000000000e+00
0.000000000000000000e+00
0.000000000000000000e+00
0.000000000000000000e+00
0.000000000000000000e+00
0.000000000000000000e+00
0.000000000000000000e+00
0.000000000000000000e+00
0.000000000000000000e+00
0.000000000000000000e+00
0.000000000000000000e+00
0.000000000000000000e+00
0.000000000000000000e+00
0.000000000000000000e+00
0.000000000000000000e+00
0.000000000000000000e+00
0.000000000000000000e+00
0.000000000000000000e+00
0.000000000000000000e+00
0.000000000000000000e+00
0.000000000000000000e+00
0.000000000000000000e+00
0.000000000000000000e+00
0.000000000000000000e+00
0.000000000000000000e+00
0.000000000000000000e+00
0.000000000000000000e+00
0.000000000000000000e+00
0.000000000000000000e+00
0.000000000000000000e+00
0.000000000000000000e+00
0.000000000000000000e+00
0.000000000000000000e+00
0.000000000000000000e+00
0.000000000000000000e+00
0.000000000000000000e+00
0.000000000000000000e+00
0.000000000000000000e+00
0.000000000000000000e+00
0.000000000000000000e+00
0.000000000000000000e+00
0.000000000000000000e+00
0.000000000000000000e+00
0.000000000000000000e+00
0.000000000000000000e+00
0.000000000000000000e+00
0.000000000000000000e+00
0.000000000000000000e+00
0.000000000000000000e+00
0.000000000000000000e+00
0.000000000000000000e+00
0.000000000000000000e+00
0.000000000000000000e+00
0.000000000000000000e+00
0.000000000000000000e+00
0.000000000000000000e+00
0.000000000000000000e+00
0.000000000000000000e+00
0.000000000000000000e+00
0.000000000000000000e+00
0.000000000000000000e+00
0.000000000000000000e+00
0.000000000000000000e+00
0.000000000000000000e+00
0.000000000000000000e+00
0.000000000000000000e+00
0.000000000000000000e+00
0.000000000000000000e+00
0.000000000000000000e+00
0.000000000000000000e+00
0.000000000000000000e+00
0.000000000000000000e+00
0.000000000000000000e+00
0.000000000000000000e+00
0.000000000000000000e+00
0.000000000000000000e+00
0.000000000000000000e+00
0.000000000000000000e+00
0.000000000000000000e+00
0.000000000000000000e+00
0.000000000000000000e+00
0.000000000000000000e+00
0.000000000000000000e+00
0.000000000000000000e+00
0.000000000000000000e+00
0.000000000000000000e+00
0.000000000000000000e+00
0.000000000000000000e+00
0.000000000000000000e+00
0.000000000000000000e+00
0.000000000000000000e+00
0.000000000000000000e+00
0.000000000000000000e+00
0.000000000000000000e+00
0.000000000000000000e+00
0.000000000000000000e+00
0.000000000000000000e+00
0.000000000000000000e+00
0.000000000000000000e+00
0.000000000000000000e+00
0.000000000000000000e+00
0.000000000000000000e+00
0.000000000000000000e+00
0.000000000000000000e+00
0.000000000000000000e+00
0.000000000000000000e+00
0.000000000000000000e+00
0.000000000000000000e+00
0.000000000000000000e+00
0.000000000000000000e+00
0.000000000000000000e+00
0.000000000000000000e+00
0.000000000000000000e+00
0.000000000000000000e+00
0.000000000000000000e+00
0.000000000000000000e+00
0.000000000000000000e+00
0.000000000000000000e+00
0.000000000000000000e+00
0.000000000000000000e+00
0.000000000000000000e+00
0.000000000000000000e+00
0.000000000000000000e+00
0.000000000000000000e+00
0.000000000000000000e+00
0.000000000000000000e+00
0.000000000000000000e+00
0.000000000000000000e+00
0.000000000000000000e+00
0.000000000000000000e+00
0.000000000000000000e+00
0.000000000000000000e+00
0.000000000000000000e+00
0.000000000000000000e+00
0.000000000000000000e+00
0.000000000000000000e+00
0.000000000000000000e+00
0.000000000000000000e+00
0.000000000000000000e+00
0.000000000000000000e+00
0.000000000000000000e+00
0.000000000000000000e+00
0.000000000000000000e+00
0.000000000000000000e+00
0.000000000000000000e+00
0.000000000000000000e+00
0.000000000000000000e+00
0.000000000000000000e+00
0.000000000000000000e+00
0.000000000000000000e+00
0.000000000000000000e+00
0.000000000000000000e+00
0.000000000000000000e+00
0.000000000000000000e+00
0.000000000000000000e+00
0.000000000000000000e+00
0.000000000000000000e+00
0.000000000000000000e+00
0.000000000000000000e+00
0.000000000000000000e+00
0.000000000000000000e+00
0.000000000000000000e+00
0.000000000000000000e+00
0.000000000000000000e+00
0.000000000000000000e+00
0.000000000000000000e+00
0.000000000000000000e+00
0.000000000000000000e+00
0.000000000000000000e+00
0.000000000000000000e+00
0.000000000000000000e+00
0.000000000000000000e+00
0.000000000000000000e+00
0.000000000000000000e+00
0.000000000000000000e+00
0.000000000000000000e+00
0.000000000000000000e+00
0.000000000000000000e+00
0.000000000000000000e+00
0.000000000000000000e+00
0.000000000000000000e+00
0.000000000000000000e+00
0.000000000000000000e+00
0.000000000000000000e+00
0.000000000000000000e+00
0.000000000000000000e+00
0.000000000000000000e+00
0.000000000000000000e+00
0.000000000000000000e+00
0.000000000000000000e+00
0.000000000000000000e+00
0.000000000000000000e+00
0.000000000000000000e+00
0.000000000000000000e+00
0.000000000000000000e+00
0.000000000000000000e+00
0.000000000000000000e+00
0.000000000000000000e+00
0.000000000000000000e+00
0.000000000000000000e+00
0.000000000000000000e+00
0.000000000000000000e+00
0.000000000000000000e+00
0.000000000000000000e+00
0.000000000000000000e+00
0.000000000000000000e+00
0.000000000000000000e+00
0.000000000000000000e+00
0.000000000000000000e+00
0.000000000000000000e+00
0.000000000000000000e+00
0.000000000000000000e+00
0.000000000000000000e+00
0.000000000000000000e+00
0.000000000000000000e+00
0.000000000000000000e+00
0.000000000000000000e+00
0.000000000000000000e+00
0.000000000000000000e+00
0.000000000000000000e+00
0.000000000000000000e+00
0.000000000000000000e+00
0.000000000000000000e+00
0.000000000000000000e+00
0.000000000000000000e+00
0.000000000000000000e+00
0.000000000000000000e+00
0.000000000000000000e+00
0.000000000000000000e+00
0.000000000000000000e+00
0.000000000000000000e+00
0.000000000000000000e+00
0.000000000000000000e+00
0.000000000000000000e+00
0.000000000000000000e+00
0.000000000000000000e+00
0.000000000000000000e+00
0.000000000000000000e+00
0.000000000000000000e+00
0.000000000000000000e+00
0.000000000000000000e+00
0.000000000000000000e+00
0.000000000000000000e+00
0.000000000000000000e+00
0.000000000000000000e+00
0.000000000000000000e+00
0.000000000000000000e+00
0.000000000000000000e+00
0.000000000000000000e+00
0.000000000000000000e+00
0.000000000000000000e+00
0.000000000000000000e+00
0.000000000000000000e+00
0.000000000000000000e+00
0.000000000000000000e+00
0.000000000000000000e+00
0.000000000000000000e+00
0.000000000000000000e+00
0.000000000000000000e+00
0.000000000000000000e+00
0.000000000000000000e+00
0.000000000000000000e+00
0.000000000000000000e+00
0.000000000000000000e+00
0.000000000000000000e+00
0.000000000000000000e+00
0.000000000000000000e+00
0.000000000000000000e+00
0.000000000000000000e+00
0.000000000000000000e+00
0.000000000000000000e+00
0.000000000000000000e+00
0.000000000000000000e+00
0.000000000000000000e+00
0.000000000000000000e+00
0.000000000000000000e+00
0.000000000000000000e+00
0.000000000000000000e+00
0.000000000000000000e+00
0.000000000000000000e+00
0.000000000000000000e+00
0.000000000000000000e+00
0.000000000000000000e+00
0.000000000000000000e+00
0.000000000000000000e+00
0.000000000000000000e+00
0.000000000000000000e+00
0.000000000000000000e+00
0.000000000000000000e+00
0.000000000000000000e+00
0.000000000000000000e+00
0.000000000000000000e+00
0.000000000000000000e+00
0.000000000000000000e+00
0.000000000000000000e+00
0.000000000000000000e+00
0.000000000000000000e+00
0.000000000000000000e+00
0.000000000000000000e+00
0.000000000000000000e+00
0.000000000000000000e+00
0.000000000000000000e+00
0.000000000000000000e+00
0.000000000000000000e+00
0.000000000000000000e+00
0.000000000000000000e+00
0.000000000000000000e+00
0.000000000000000000e+00
0.000000000000000000e+00
0.000000000000000000e+00
0.000000000000000000e+00
0.000000000000000000e+00
0.000000000000000000e+00
0.000000000000000000e+00
0.000000000000000000e+00
0.000000000000000000e+00
0.000000000000000000e+00
0.000000000000000000e+00
0.000000000000000000e+00
0.000000000000000000e+00
0.000000000000000000e+00
0.000000000000000000e+00
0.000000000000000000e+00
0.000000000000000000e+00
0.000000000000000000e+00
0.000000000000000000e+00
0.000000000000000000e+00
0.000000000000000000e+00
0.000000000000000000e+00
0.000000000000000000e+00
0.000000000000000000e+00
0.000000000000000000e+00
0.000000000000000000e+00
0.000000000000000000e+00
0.000000000000000000e+00
0.000000000000000000e+00
0.000000000000000000e+00
0.000000000000000000e+00
0.000000000000000000e+00
0.000000000000000000e+00
0.000000000000000000e+00
0.000000000000000000e+00
0.000000000000000000e+00
0.000000000000000000e+00
0.000000000000000000e+00
0.000000000000000000e+00
0.000000000000000000e+00
0.000000000000000000e+00
0.000000000000000000e+00
0.000000000000000000e+00
0.000000000000000000e+00
0.000000000000000000e+00
0.000000000000000000e+00
0.000000000000000000e+00
0.000000000000000000e+00
0.000000000000000000e+00
0.000000000000000000e+00
0.000000000000000000e+00
0.000000000000000000e+00
0.000000000000000000e+00
0.000000000000000000e+00
0.000000000000000000e+00
0.000000000000000000e+00
0.000000000000000000e+00
0.000000000000000000e+00
0.000000000000000000e+00
0.000000000000000000e+00
0.000000000000000000e+00
0.000000000000000000e+00
0.000000000000000000e+00
0.000000000000000000e+00
0.000000000000000000e+00
0.000000000000000000e+00
0.000000000000000000e+00
0.000000000000000000e+00
0.000000000000000000e+00
0.000000000000000000e+00
0.000000000000000000e+00
0.000000000000000000e+00
0.000000000000000000e+00
0.000000000000000000e+00
0.000000000000000000e+00
0.000000000000000000e+00
0.000000000000000000e+00
0.000000000000000000e+00
0.000000000000000000e+00
0.000000000000000000e+00
0.000000000000000000e+00
0.000000000000000000e+00
0.000000000000000000e+00
0.000000000000000000e+00
0.000000000000000000e+00
0.000000000000000000e+00
0.000000000000000000e+00
0.000000000000000000e+00
0.000000000000000000e+00
0.000000000000000000e+00
0.000000000000000000e+00
0.000000000000000000e+00
0.000000000000000000e+00
0.000000000000000000e+00
0.000000000000000000e+00
0.000000000000000000e+00
0.000000000000000000e+00
0.000000000000000000e+00
0.000000000000000000e+00
0.000000000000000000e+00
0.000000000000000000e+00
0.000000000000000000e+00
0.000000000000000000e+00
0.000000000000000000e+00
0.000000000000000000e+00
0.000000000000000000e+00
0.000000000000000000e+00
0.000000000000000000e+00
0.000000000000000000e+00
0.000000000000000000e+00
0.000000000000000000e+00
0.000000000000000000e+00
0.000000000000000000e+00
0.000000000000000000e+00
0.000000000000000000e+00
0.000000000000000000e+00
0.000000000000000000e+00
0.000000000000000000e+00
0.000000000000000000e+00
0.000000000000000000e+00
0.000000000000000000e+00
0.000000000000000000e+00
0.000000000000000000e+00
0.000000000000000000e+00
0.000000000000000000e+00
0.000000000000000000e+00
0.000000000000000000e+00
0.000000000000000000e+00
0.000000000000000000e+00
0.000000000000000000e+00
0.000000000000000000e+00
0.000000000000000000e+00
0.000000000000000000e+00
0.000000000000000000e+00
0.000000000000000000e+00
0.000000000000000000e+00
0.000000000000000000e+00
0.000000000000000000e+00
0.000000000000000000e+00
0.000000000000000000e+00
0.000000000000000000e+00
0.000000000000000000e+00
0.000000000000000000e+00
0.000000000000000000e+00
0.000000000000000000e+00
0.000000000000000000e+00
0.000000000000000000e+00
0.000000000000000000e+00
0.000000000000000000e+00
0.000000000000000000e+00
0.000000000000000000e+00
0.000000000000000000e+00
0.000000000000000000e+00
0.000000000000000000e+00
0.000000000000000000e+00
0.000000000000000000e+00
0.000000000000000000e+00
0.000000000000000000e+00
0.000000000000000000e+00
0.000000000000000000e+00
0.000000000000000000e+00
0.000000000000000000e+00
0.000000000000000000e+00
0.000000000000000000e+00
0.000000000000000000e+00
0.000000000000000000e+00
0.000000000000000000e+00
0.000000000000000000e+00
0.000000000000000000e+00
0.000000000000000000e+00
0.000000000000000000e+00
0.000000000000000000e+00
0.000000000000000000e+00
0.000000000000000000e+00
0.000000000000000000e+00
0.000000000000000000e+00
0.000000000000000000e+00
0.000000000000000000e+00
0.000000000000000000e+00
0.000000000000000000e+00
0.000000000000000000e+00
0.000000000000000000e+00
0.000000000000000000e+00
0.000000000000000000e+00
0.000000000000000000e+00
0.000000000000000000e+00
0.000000000000000000e+00
0.000000000000000000e+00
0.000000000000000000e+00
0.000000000000000000e+00
0.000000000000000000e+00
0.000000000000000000e+00
0.000000000000000000e+00
0.000000000000000000e+00
0.000000000000000000e+00
0.000000000000000000e+00
0.000000000000000000e+00
0.000000000000000000e+00
0.000000000000000000e+00
0.000000000000000000e+00
0.000000000000000000e+00
0.000000000000000000e+00
0.000000000000000000e+00
0.000000000000000000e+00
0.000000000000000000e+00
0.000000000000000000e+00
0.000000000000000000e+00
0.000000000000000000e+00
0.000000000000000000e+00
0.000000000000000000e+00
0.000000000000000000e+00
0.000000000000000000e+00
0.000000000000000000e+00
0.000000000000000000e+00
0.000000000000000000e+00
0.000000000000000000e+00
0.000000000000000000e+00
0.000000000000000000e+00
0.000000000000000000e+00
0.000000000000000000e+00
0.000000000000000000e+00
0.000000000000000000e+00
0.000000000000000000e+00
0.000000000000000000e+00
0.000000000000000000e+00
0.000000000000000000e+00
0.000000000000000000e+00
0.000000000000000000e+00
0.000000000000000000e+00
0.000000000000000000e+00
0.000000000000000000e+00
0.000000000000000000e+00
0.000000000000000000e+00
0.000000000000000000e+00
0.000000000000000000e+00
0.000000000000000000e+00
0.000000000000000000e+00
0.000000000000000000e+00
0.000000000000000000e+00
0.000000000000000000e+00
0.000000000000000000e+00
0.000000000000000000e+00
0.000000000000000000e+00
0.000000000000000000e+00
0.000000000000000000e+00
0.000000000000000000e+00
0.000000000000000000e+00
0.000000000000000000e+00
0.000000000000000000e+00
0.000000000000000000e+00
0.000000000000000000e+00
0.000000000000000000e+00
0.000000000000000000e+00
0.000000000000000000e+00
0.000000000000000000e+00
0.000000000000000000e+00
0.000000000000000000e+00
0.000000000000000000e+00
0.000000000000000000e+00
0.000000000000000000e+00
0.000000000000000000e+00
0.000000000000000000e+00
0.000000000000000000e+00
0.000000000000000000e+00
0.000000000000000000e+00
0.000000000000000000e+00
0.000000000000000000e+00
0.000000000000000000e+00
0.000000000000000000e+00
0.000000000000000000e+00
0.000000000000000000e+00
0.000000000000000000e+00
0.000000000000000000e+00
0.000000000000000000e+00
0.000000000000000000e+00
0.000000000000000000e+00
0.000000000000000000e+00
0.000000000000000000e+00
0.000000000000000000e+00
0.000000000000000000e+00
0.000000000000000000e+00
0.000000000000000000e+00
0.000000000000000000e+00
0.000000000000000000e+00
0.000000000000000000e+00
0.000000000000000000e+00
0.000000000000000000e+00
0.000000000000000000e+00
0.000000000000000000e+00
0.000000000000000000e+00
0.000000000000000000e+00
0.000000000000000000e+00
0.000000000000000000e+00
0.000000000000000000e+00
0.000000000000000000e+00
0.000000000000000000e+00
0.000000000000000000e+00
0.000000000000000000e+00
0.000000000000000000e+00
0.000000000000000000e+00
0.000000000000000000e+00
0.000000000000000000e+00
0.000000000000000000e+00
0.000000000000000000e+00
0.000000000000000000e+00
0.000000000000000000e+00
0.000000000000000000e+00
0.000000000000000000e+00
0.000000000000000000e+00
0.000000000000000000e+00
0.000000000000000000e+00
0.000000000000000000e+00
0.000000000000000000e+00
0.000000000000000000e+00
0.000000000000000000e+00
0.000000000000000000e+00
0.000000000000000000e+00
0.000000000000000000e+00
0.000000000000000000e+00
0.000000000000000000e+00
0.000000000000000000e+00
0.000000000000000000e+00
0.000000000000000000e+00
0.000000000000000000e+00
0.000000000000000000e+00
0.000000000000000000e+00
0.000000000000000000e+00
0.000000000000000000e+00
0.000000000000000000e+00
0.000000000000000000e+00
0.000000000000000000e+00
0.000000000000000000e+00
0.000000000000000000e+00
0.000000000000000000e+00
0.000000000000000000e+00
0.000000000000000000e+00
0.000000000000000000e+00
0.000000000000000000e+00
0.000000000000000000e+00
0.000000000000000000e+00
0.000000000000000000e+00
0.000000000000000000e+00
0.000000000000000000e+00
0.000000000000000000e+00
0.000000000000000000e+00
0.000000000000000000e+00
0.000000000000000000e+00
0.000000000000000000e+00
0.000000000000000000e+00
0.000000000000000000e+00
0.000000000000000000e+00
0.000000000000000000e+00
0.000000000000000000e+00
0.000000000000000000e+00
0.000000000000000000e+00
0.000000000000000000e+00
0.000000000000000000e+00
0.000000000000000000e+00
0.000000000000000000e+00
0.000000000000000000e+00
0.000000000000000000e+00
0.000000000000000000e+00
0.000000000000000000e+00
0.000000000000000000e+00
0.000000000000000000e+00
0.000000000000000000e+00
0.000000000000000000e+00
0.000000000000000000e+00
0.000000000000000000e+00
0.000000000000000000e+00
0.000000000000000000e+00
0.000000000000000000e+00
0.000000000000000000e+00
0.000000000000000000e+00
0.000000000000000000e+00
0.000000000000000000e+00
0.000000000000000000e+00
0.000000000000000000e+00
0.000000000000000000e+00
0.000000000000000000e+00
0.000000000000000000e+00
0.000000000000000000e+00
0.000000000000000000e+00
0.000000000000000000e+00
0.000000000000000000e+00
0.000000000000000000e+00
0.000000000000000000e+00
0.000000000000000000e+00
0.000000000000000000e+00
0.000000000000000000e+00
0.000000000000000000e+00
0.000000000000000000e+00
0.000000000000000000e+00
0.000000000000000000e+00
0.000000000000000000e+00
0.000000000000000000e+00
0.000000000000000000e+00
0.000000000000000000e+00
0.000000000000000000e+00
0.000000000000000000e+00
0.000000000000000000e+00
0.000000000000000000e+00
0.000000000000000000e+00
0.000000000000000000e+00
0.000000000000000000e+00
0.000000000000000000e+00
0.000000000000000000e+00
0.000000000000000000e+00
0.000000000000000000e+00
0.000000000000000000e+00
0.000000000000000000e+00
0.000000000000000000e+00
0.000000000000000000e+00
0.000000000000000000e+00
0.000000000000000000e+00
0.000000000000000000e+00
0.000000000000000000e+00
0.000000000000000000e+00
0.000000000000000000e+00
0.000000000000000000e+00
0.000000000000000000e+00
0.000000000000000000e+00
0.000000000000000000e+00
0.000000000000000000e+00
0.000000000000000000e+00
0.000000000000000000e+00
0.000000000000000000e+00
0.000000000000000000e+00
0.000000000000000000e+00
0.000000000000000000e+00
0.000000000000000000e+00
0.000000000000000000e+00
0.000000000000000000e+00
0.000000000000000000e+00
0.000000000000000000e+00
0.000000000000000000e+00
0.000000000000000000e+00
0.000000000000000000e+00
0.000000000000000000e+00
0.000000000000000000e+00
0.000000000000000000e+00
0.000000000000000000e+00
0.000000000000000000e+00
0.000000000000000000e+00
0.000000000000000000e+00
0.000000000000000000e+00
0.000000000000000000e+00
0.000000000000000000e+00
0.000000000000000000e+00
0.000000000000000000e+00
0.000000000000000000e+00
0.000000000000000000e+00
0.000000000000000000e+00
0.000000000000000000e+00
0.000000000000000000e+00
0.000000000000000000e+00
0.000000000000000000e+00
0.000000000000000000e+00
0.000000000000000000e+00
0.000000000000000000e+00
0.000000000000000000e+00
0.000000000000000000e+00
0.000000000000000000e+00
0.000000000000000000e+00
0.000000000000000000e+00
0.000000000000000000e+00
0.000000000000000000e+00
0.000000000000000000e+00
0.000000000000000000e+00
0.000000000000000000e+00
0.000000000000000000e+00
0.000000000000000000e+00
0.000000000000000000e+00
0.000000000000000000e+00
0.000000000000000000e+00
0.000000000000000000e+00
0.000000000000000000e+00
0.000000000000000000e+00
0.000000000000000000e+00
0.000000000000000000e+00
0.000000000000000000e+00
0.000000000000000000e+00
0.000000000000000000e+00
0.000000000000000000e+00
0.000000000000000000e+00
0.000000000000000000e+00
0.000000000000000000e+00
0.000000000000000000e+00
0.000000000000000000e+00
0.000000000000000000e+00
0.000000000000000000e+00
0.000000000000000000e+00
0.000000000000000000e+00
0.000000000000000000e+00
0.000000000000000000e+00
0.000000000000000000e+00
0.000000000000000000e+00
0.000000000000000000e+00
0.000000000000000000e+00
0.000000000000000000e+00
0.000000000000000000e+00
0.000000000000000000e+00
0.000000000000000000e+00
0.000000000000000000e+00
0.000000000000000000e+00
0.000000000000000000e+00
0.000000000000000000e+00
0.000000000000000000e+00
0.000000000000000000e+00
0.000000000000000000e+00
0.000000000000000000e+00
0.000000000000000000e+00
0.000000000000000000e+00
0.000000000000000000e+00
0.000000000000000000e+00
0.000000000000000000e+00
0.000000000000000000e+00
0.000000000000000000e+00
0.000000000000000000e+00
0.000000000000000000e+00
0.000000000000000000e+00
0.000000000000000000e+00
0.000000000000000000e+00
0.000000000000000000e+00
0.000000000000000000e+00
0.000000000000000000e+00
0.000000000000000000e+00
0.000000000000000000e+00
0.000000000000000000e+00
0.000000000000000000e+00
0.000000000000000000e+00
0.000000000000000000e+00
0.000000000000000000e+00
0.000000000000000000e+00
0.000000000000000000e+00
0.000000000000000000e+00
0.000000000000000000e+00
0.000000000000000000e+00
0.000000000000000000e+00
0.000000000000000000e+00
0.000000000000000000e+00
0.000000000000000000e+00
0.000000000000000000e+00
0.000000000000000000e+00
0.000000000000000000e+00
0.000000000000000000e+00
0.000000000000000000e+00
0.000000000000000000e+00
0.000000000000000000e+00
0.000000000000000000e+00
0.000000000000000000e+00
0.000000000000000000e+00
0.000000000000000000e+00
0.000000000000000000e+00
0.000000000000000000e+00
0.000000000000000000e+00
0.000000000000000000e+00
0.000000000000000000e+00
0.000000000000000000e+00
0.000000000000000000e+00
0.000000000000000000e+00
0.000000000000000000e+00
0.000000000000000000e+00
0.000000000000000000e+00
0.000000000000000000e+00
0.000000000000000000e+00
0.000000000000000000e+00
0.000000000000000000e+00
0.000000000000000000e+00
0.000000000000000000e+00
0.000000000000000000e+00
0.000000000000000000e+00
0.000000000000000000e+00
0.000000000000000000e+00
0.000000000000000000e+00
0.000000000000000000e+00
0.000000000000000000e+00
0.000000000000000000e+00
0.000000000000000000e+00
0.000000000000000000e+00
0.000000000000000000e+00
0.000000000000000000e+00
0.000000000000000000e+00
0.000000000000000000e+00
0.000000000000000000e+00
0.000000000000000000e+00
0.000000000000000000e+00
0.000000000000000000e+00
0.000000000000000000e+00
0.000000000000000000e+00
0.000000000000000000e+00
0.000000000000000000e+00
0.000000000000000000e+00
0.000000000000000000e+00
0.000000000000000000e+00
0.000000000000000000e+00
0.000000000000000000e+00
0.000000000000000000e+00
0.000000000000000000e+00
0.000000000000000000e+00
0.000000000000000000e+00
0.000000000000000000e+00
0.000000000000000000e+00
0.000000000000000000e+00
0.000000000000000000e+00
0.000000000000000000e+00
0.000000000000000000e+00
0.000000000000000000e+00
0.000000000000000000e+00
0.000000000000000000e+00
0.000000000000000000e+00
0.000000000000000000e+00
0.000000000000000000e+00
0.000000000000000000e+00
0.000000000000000000e+00
0.000000000000000000e+00
0.000000000000000000e+00
0.000000000000000000e+00
0.000000000000000000e+00
0.000000000000000000e+00
0.000000000000000000e+00
0.000000000000000000e+00
0.000000000000000000e+00
0.000000000000000000e+00
0.000000000000000000e+00
0.000000000000000000e+00
0.000000000000000000e+00
0.000000000000000000e+00
0.000000000000000000e+00
0.000000000000000000e+00
0.000000000000000000e+00
0.000000000000000000e+00
0.000000000000000000e+00
0.000000000000000000e+00
0.000000000000000000e+00
0.000000000000000000e+00
0.000000000000000000e+00
0.000000000000000000e+00
0.000000000000000000e+00
0.000000000000000000e+00
0.000000000000000000e+00
0.000000000000000000e+00
0.000000000000000000e+00
0.000000000000000000e+00
0.000000000000000000e+00
0.000000000000000000e+00
0.000000000000000000e+00
0.000000000000000000e+00
0.000000000000000000e+00
0.000000000000000000e+00
0.000000000000000000e+00
0.000000000000000000e+00
0.000000000000000000e+00
0.000000000000000000e+00
0.000000000000000000e+00
0.000000000000000000e+00
0.000000000000000000e+00
0.000000000000000000e+00
0.000000000000000000e+00
0.000000000000000000e+00
0.000000000000000000e+00
0.000000000000000000e+00
0.000000000000000000e+00
0.000000000000000000e+00
0.000000000000000000e+00
0.000000000000000000e+00
0.000000000000000000e+00
0.000000000000000000e+00
0.000000000000000000e+00
0.000000000000000000e+00
0.000000000000000000e+00
0.000000000000000000e+00
0.000000000000000000e+00
0.000000000000000000e+00
0.000000000000000000e+00
0.000000000000000000e+00
0.000000000000000000e+00
0.000000000000000000e+00
0.000000000000000000e+00
0.000000000000000000e+00
0.000000000000000000e+00
0.000000000000000000e+00
0.000000000000000000e+00
0.000000000000000000e+00
0.000000000000000000e+00
0.000000000000000000e+00
0.000000000000000000e+00
0.000000000000000000e+00
0.000000000000000000e+00
0.000000000000000000e+00
0.000000000000000000e+00
0.000000000000000000e+00
0.000000000000000000e+00
0.000000000000000000e+00
0.000000000000000000e+00
0.000000000000000000e+00
0.000000000000000000e+00
0.000000000000000000e+00
0.000000000000000000e+00
0.000000000000000000e+00
0.000000000000000000e+00
0.000000000000000000e+00
0.000000000000000000e+00
0.000000000000000000e+00
0.000000000000000000e+00
0.000000000000000000e+00
0.000000000000000000e+00
0.000000000000000000e+00
0.000000000000000000e+00
0.000000000000000000e+00
0.000000000000000000e+00
0.000000000000000000e+00
0.000000000000000000e+00
0.000000000000000000e+00
0.000000000000000000e+00
0.000000000000000000e+00
0.000000000000000000e+00
0.000000000000000000e+00
0.000000000000000000e+00
0.000000000000000000e+00
0.000000000000000000e+00
0.000000000000000000e+00
0.000000000000000000e+00
0.000000000000000000e+00
0.000000000000000000e+00
0.000000000000000000e+00
0.000000000000000000e+00
0.000000000000000000e+00
0.000000000000000000e+00
0.000000000000000000e+00
0.000000000000000000e+00
0.000000000000000000e+00
0.000000000000000000e+00
0.000000000000000000e+00
0.000000000000000000e+00
0.000000000000000000e+00
0.000000000000000000e+00
0.000000000000000000e+00
0.000000000000000000e+00
0.000000000000000000e+00
0.000000000000000000e+00
0.000000000000000000e+00
0.000000000000000000e+00
0.000000000000000000e+00
0.000000000000000000e+00
0.000000000000000000e+00
0.000000000000000000e+00
0.000000000000000000e+00
0.000000000000000000e+00
0.000000000000000000e+00
0.000000000000000000e+00
0.000000000000000000e+00
0.000000000000000000e+00
0.000000000000000000e+00
0.000000000000000000e+00
0.000000000000000000e+00
0.000000000000000000e+00
0.000000000000000000e+00
0.000000000000000000e+00
0.000000000000000000e+00
0.000000000000000000e+00
0.000000000000000000e+00
0.000000000000000000e+00
0.000000000000000000e+00
0.000000000000000000e+00
0.000000000000000000e+00
0.000000000000000000e+00
0.000000000000000000e+00
0.000000000000000000e+00
0.000000000000000000e+00
0.000000000000000000e+00
0.000000000000000000e+00
0.000000000000000000e+00
0.000000000000000000e+00
0.000000000000000000e+00
0.000000000000000000e+00
0.000000000000000000e+00
0.000000000000000000e+00
0.000000000000000000e+00
0.000000000000000000e+00
0.000000000000000000e+00
0.000000000000000000e+00
0.000000000000000000e+00
0.000000000000000000e+00
0.000000000000000000e+00
0.000000000000000000e+00
0.000000000000000000e+00
0.000000000000000000e+00
0.000000000000000000e+00
0.000000000000000000e+00
0.000000000000000000e+00
0.000000000000000000e+00
0.000000000000000000e+00
0.000000000000000000e+00
0.000000000000000000e+00
0.000000000000000000e+00
0.000000000000000000e+00
0.000000000000000000e+00
0.000000000000000000e+00
0.000000000000000000e+00
0.000000000000000000e+00
0.000000000000000000e+00
0.000000000000000000e+00
0.000000000000000000e+00
0.000000000000000000e+00
0.000000000000000000e+00
0.000000000000000000e+00
0.000000000000000000e+00
0.000000000000000000e+00
0.000000000000000000e+00
0.000000000000000000e+00
0.000000000000000000e+00
0.000000000000000000e+00
0.000000000000000000e+00
0.000000000000000000e+00
0.000000000000000000e+00
0.000000000000000000e+00
0.000000000000000000e+00
0.000000000000000000e+00
0.000000000000000000e+00
0.000000000000000000e+00
0.000000000000000000e+00
0.000000000000000000e+00
0.000000000000000000e+00
0.000000000000000000e+00
0.000000000000000000e+00
0.000000000000000000e+00
0.000000000000000000e+00
0.000000000000000000e+00
0.000000000000000000e+00
0.000000000000000000e+00
0.000000000000000000e+00
0.000000000000000000e+00
0.000000000000000000e+00
0.000000000000000000e+00
0.000000000000000000e+00
0.000000000000000000e+00
0.000000000000000000e+00
0.000000000000000000e+00
0.000000000000000000e+00
0.000000000000000000e+00
0.000000000000000000e+00
0.000000000000000000e+00
0.000000000000000000e+00
0.000000000000000000e+00
0.000000000000000000e+00
0.000000000000000000e+00
0.000000000000000000e+00
0.000000000000000000e+00
0.000000000000000000e+00
0.000000000000000000e+00
0.000000000000000000e+00
0.000000000000000000e+00
0.000000000000000000e+00
0.000000000000000000e+00
0.000000000000000000e+00
0.000000000000000000e+00
0.000000000000000000e+00
0.000000000000000000e+00
0.000000000000000000e+00
0.000000000000000000e+00
0.000000000000000000e+00
0.000000000000000000e+00
0.000000000000000000e+00
0.000000000000000000e+00
0.000000000000000000e+00
0.000000000000000000e+00
0.000000000000000000e+00
0.000000000000000000e+00
0.000000000000000000e+00
0.000000000000000000e+00
0.000000000000000000e+00
0.000000000000000000e+00
0.000000000000000000e+00
0.000000000000000000e+00
0.000000000000000000e+00
0.000000000000000000e+00
0.000000000000000000e+00
0.000000000000000000e+00
0.000000000000000000e+00
0.000000000000000000e+00
0.000000000000000000e+00
0.000000000000000000e+00
0.000000000000000000e+00
0.000000000000000000e+00
0.000000000000000000e+00
0.000000000000000000e+00
0.000000000000000000e+00
0.000000000000000000e+00
0.000000000000000000e+00
0.000000000000000000e+00
0.000000000000000000e+00
0.000000000000000000e+00
0.000000000000000000e+00
0.000000000000000000e+00
0.000000000000000000e+00
0.000000000000000000e+00
0.000000000000000000e+00
0.000000000000000000e+00
0.000000000000000000e+00
0.000000000000000000e+00
0.000000000000000000e+00
0.000000000000000000e+00
0.000000000000000000e+00
0.000000000000000000e+00
0.000000000000000000e+00
0.000000000000000000e+00
0.000000000000000000e+00
0.000000000000000000e+00
0.000000000000000000e+00
0.000000000000000000e+00
0.000000000000000000e+00
0.000000000000000000e+00
0.000000000000000000e+00
0.000000000000000000e+00
0.000000000000000000e+00
0.000000000000000000e+00
0.000000000000000000e+00
0.000000000000000000e+00
0.000000000000000000e+00
0.000000000000000000e+00
0.000000000000000000e+00
0.000000000000000000e+00
0.000000000000000000e+00
0.000000000000000000e+00
0.000000000000000000e+00
0.000000000000000000e+00
0.000000000000000000e+00
0.000000000000000000e+00
0.000000000000000000e+00
0.000000000000000000e+00
0.000000000000000000e+00
0.000000000000000000e+00
0.000000000000000000e+00
0.000000000000000000e+00
0.000000000000000000e+00
0.000000000000000000e+00
0.000000000000000000e+00
0.000000000000000000e+00
0.000000000000000000e+00
0.000000000000000000e+00
0.000000000000000000e+00
0.000000000000000000e+00
0.000000000000000000e+00
0.000000000000000000e+00
0.000000000000000000e+00
0.000000000000000000e+00
0.000000000000000000e+00
0.000000000000000000e+00
0.000000000000000000e+00
0.000000000000000000e+00
0.000000000000000000e+00
0.000000000000000000e+00
0.000000000000000000e+00
0.000000000000000000e+00
0.000000000000000000e+00
0.000000000000000000e+00
0.000000000000000000e+00
0.000000000000000000e+00
0.000000000000000000e+00
0.000000000000000000e+00
0.000000000000000000e+00
0.000000000000000000e+00
0.000000000000000000e+00
0.000000000000000000e+00
0.000000000000000000e+00
0.000000000000000000e+00
0.000000000000000000e+00
0.000000000000000000e+00
0.000000000000000000e+00
0.000000000000000000e+00
0.000000000000000000e+00
0.000000000000000000e+00
0.000000000000000000e+00
0.000000000000000000e+00
0.000000000000000000e+00
0.000000000000000000e+00
0.000000000000000000e+00
0.000000000000000000e+00
0.000000000000000000e+00
0.000000000000000000e+00
0.000000000000000000e+00
0.000000000000000000e+00
0.000000000000000000e+00
0.000000000000000000e+00
0.000000000000000000e+00
0.000000000000000000e+00
0.000000000000000000e+00
0.000000000000000000e+00
0.000000000000000000e+00
0.000000000000000000e+00
0.000000000000000000e+00
0.000000000000000000e+00
0.000000000000000000e+00
0.000000000000000000e+00
0.000000000000000000e+00
0.000000000000000000e+00
0.000000000000000000e+00
0.000000000000000000e+00
0.000000000000000000e+00
0.000000000000000000e+00
0.000000000000000000e+00
0.000000000000000000e+00
0.000000000000000000e+00
0.000000000000000000e+00
0.000000000000000000e+00
0.000000000000000000e+00
0.000000000000000000e+00
0.000000000000000000e+00
0.000000000000000000e+00
0.000000000000000000e+00
0.000000000000000000e+00
0.000000000000000000e+00
0.000000000000000000e+00
0.000000000000000000e+00
0.000000000000000000e+00
0.000000000000000000e+00
0.000000000000000000e+00
0.000000000000000000e+00
0.000000000000000000e+00
0.000000000000000000e+00
0.000000000000000000e+00
0.000000000000000000e+00
0.000000000000000000e+00
0.000000000000000000e+00
0.000000000000000000e+00
0.000000000000000000e+00
0.000000000000000000e+00
0.000000000000000000e+00
0.000000000000000000e+00
0.000000000000000000e+00
0.000000000000000000e+00
0.000000000000000000e+00
0.000000000000000000e+00
0.000000000000000000e+00
0.000000000000000000e+00
0.000000000000000000e+00
0.000000000000000000e+00
0.000000000000000000e+00
0.000000000000000000e+00
0.000000000000000000e+00
0.000000000000000000e+00
0.000000000000000000e+00
0.000000000000000000e+00
0.000000000000000000e+00
0.000000000000000000e+00
0.000000000000000000e+00
0.000000000000000000e+00
0.000000000000000000e+00
0.000000000000000000e+00
0.000000000000000000e+00
0.000000000000000000e+00
0.000000000000000000e+00
0.000000000000000000e+00
0.000000000000000000e+00
0.000000000000000000e+00
0.000000000000000000e+00
0.000000000000000000e+00
0.000000000000000000e+00
0.000000000000000000e+00
0.000000000000000000e+00
0.000000000000000000e+00
0.000000000000000000e+00
0.000000000000000000e+00
0.000000000000000000e+00
0.000000000000000000e+00
0.000000000000000000e+00
0.000000000000000000e+00
0.000000000000000000e+00
0.000000000000000000e+00
0.000000000000000000e+00
0.000000000000000000e+00
0.000000000000000000e+00
0.000000000000000000e+00
0.000000000000000000e+00
0.000000000000000000e+00
0.000000000000000000e+00
0.000000000000000000e+00
0.000000000000000000e+00
0.000000000000000000e+00
0.000000000000000000e+00
0.000000000000000000e+00
0.000000000000000000e+00
0.000000000000000000e+00
0.000000000000000000e+00
0.000000000000000000e+00
0.000000000000000000e+00
0.000000000000000000e+00
0.000000000000000000e+00
0.000000000000000000e+00
0.000000000000000000e+00
0.000000000000000000e+00
0.000000000000000000e+00
0.000000000000000000e+00
0.000000000000000000e+00
0.000000000000000000e+00
0.000000000000000000e+00
0.000000000000000000e+00
0.000000000000000000e+00
0.000000000000000000e+00
0.000000000000000000e+00
0.000000000000000000e+00
0.000000000000000000e+00
0.000000000000000000e+00
0.000000000000000000e+00
0.000000000000000000e+00
0.000000000000000000e+00
0.000000000000000000e+00
0.000000000000000000e+00
0.000000000000000000e+00
0.000000000000000000e+00
0.000000000000000000e+00
0.000000000000000000e+00
0.000000000000000000e+00
0.000000000000000000e+00
0.000000000000000000e+00
0.000000000000000000e+00
0.000000000000000000e+00
0.000000000000000000e+00
0.000000000000000000e+00
0.000000000000000000e+00
0.000000000000000000e+00
0.000000000000000000e+00
0.000000000000000000e+00
0.000000000000000000e+00
0.000000000000000000e+00
0.000000000000000000e+00
0.000000000000000000e+00
0.000000000000000000e+00
0.000000000000000000e+00
0.000000000000000000e+00
0.000000000000000000e+00
0.000000000000000000e+00
0.000000000000000000e+00
0.000000000000000000e+00
0.000000000000000000e+00
0.000000000000000000e+00
0.000000000000000000e+00
0.000000000000000000e+00
0.000000000000000000e+00
0.000000000000000000e+00
0.000000000000000000e+00
0.000000000000000000e+00
0.000000000000000000e+00
0.000000000000000000e+00
0.000000000000000000e+00
0.000000000000000000e+00
0.000000000000000000e+00
0.000000000000000000e+00
0.000000000000000000e+00
0.000000000000000000e+00
0.000000000000000000e+00
0.000000000000000000e+00
0.000000000000000000e+00
0.000000000000000000e+00
0.000000000000000000e+00
0.000000000000000000e+00
0.000000000000000000e+00
0.000000000000000000e+00
0.000000000000000000e+00
0.000000000000000000e+00
0.000000000000000000e+00
0.000000000000000000e+00
0.000000000000000000e+00
0.000000000000000000e+00
0.000000000000000000e+00
0.000000000000000000e+00
0.000000000000000000e+00
0.000000000000000000e+00
0.000000000000000000e+00
0.000000000000000000e+00
0.000000000000000000e+00
0.000000000000000000e+00
0.000000000000000000e+00
0.000000000000000000e+00
0.000000000000000000e+00
0.000000000000000000e+00
0.000000000000000000e+00
0.000000000000000000e+00
0.000000000000000000e+00
0.000000000000000000e+00
0.000000000000000000e+00
0.000000000000000000e+00
0.000000000000000000e+00
0.000000000000000000e+00
0.000000000000000000e+00
0.000000000000000000e+00
0.000000000000000000e+00
0.000000000000000000e+00
0.000000000000000000e+00
0.000000000000000000e+00
0.000000000000000000e+00
0.000000000000000000e+00
0.000000000000000000e+00
0.000000000000000000e+00
0.000000000000000000e+00
0.000000000000000000e+00
0.000000000000000000e+00
0.000000000000000000e+00
0.000000000000000000e+00
0.000000000000000000e+00
0.000000000000000000e+00
0.000000000000000000e+00
0.000000000000000000e+00
0.000000000000000000e+00
0.000000000000000000e+00
0.000000000000000000e+00
0.000000000000000000e+00
0.000000000000000000e+00
0.000000000000000000e+00
0.000000000000000000e+00
0.000000000000000000e+00
0.000000000000000000e+00
0.000000000000000000e+00
0.000000000000000000e+00
0.000000000000000000e+00
0.000000000000000000e+00
0.000000000000000000e+00
0.000000000000000000e+00
0.000000000000000000e+00
0.000000000000000000e+00
0.000000000000000000e+00
0.000000000000000000e+00
0.000000000000000000e+00
0.000000000000000000e+00
0.000000000000000000e+00
0.000000000000000000e+00
0.000000000000000000e+00
0.000000000000000000e+00
0.000000000000000000e+00
0.000000000000000000e+00
0.000000000000000000e+00
0.000000000000000000e+00
0.000000000000000000e+00
0.000000000000000000e+00
0.000000000000000000e+00
0.000000000000000000e+00
0.000000000000000000e+00
0.000000000000000000e+00
0.000000000000000000e+00
0.000000000000000000e+00
0.000000000000000000e+00
0.000000000000000000e+00
0.000000000000000000e+00
0.000000000000000000e+00
0.000000000000000000e+00
0.000000000000000000e+00
0.000000000000000000e+00
0.000000000000000000e+00
0.000000000000000000e+00
0.000000000000000000e+00
0.000000000000000000e+00
0.000000000000000000e+00
0.000000000000000000e+00
0.000000000000000000e+00
0.000000000000000000e+00
0.000000000000000000e+00
0.000000000000000000e+00
0.000000000000000000e+00
0.000000000000000000e+00
0.000000000000000000e+00
0.000000000000000000e+00
0.000000000000000000e+00
0.000000000000000000e+00
0.000000000000000000e+00
0.000000000000000000e+00
0.000000000000000000e+00
0.000000000000000000e+00
0.000000000000000000e+00
0.000000000000000000e+00
0.000000000000000000e+00
0.000000000000000000e+00
0.000000000000000000e+00
0.000000000000000000e+00
0.000000000000000000e+00
0.000000000000000000e+00
0.000000000000000000e+00
0.000000000000000000e+00
0.000000000000000000e+00
0.000000000000000000e+00
0.000000000000000000e+00
0.000000000000000000e+00
0.000000000000000000e+00
0.000000000000000000e+00
0.000000000000000000e+00
0.000000000000000000e+00
0.000000000000000000e+00
0.000000000000000000e+00
0.000000000000000000e+00
0.000000000000000000e+00
0.000000000000000000e+00
0.000000000000000000e+00
0.000000000000000000e+00
0.000000000000000000e+00
0.000000000000000000e+00
0.000000000000000000e+00
0.000000000000000000e+00
0.000000000000000000e+00
0.000000000000000000e+00
0.000000000000000000e+00
0.000000000000000000e+00
0.000000000000000000e+00
0.000000000000000000e+00
0.000000000000000000e+00
0.000000000000000000e+00
0.000000000000000000e+00
0.000000000000000000e+00
0.000000000000000000e+00
0.000000000000000000e+00
0.000000000000000000e+00
0.000000000000000000e+00
0.000000000000000000e+00
0.000000000000000000e+00
0.000000000000000000e+00
0.000000000000000000e+00
0.000000000000000000e+00
0.000000000000000000e+00
0.000000000000000000e+00
0.000000000000000000e+00
0.000000000000000000e+00
0.000000000000000000e+00
0.000000000000000000e+00
0.000000000000000000e+00
0.000000000000000000e+00
0.000000000000000000e+00
0.000000000000000000e+00
0.000000000000000000e+00
0.000000000000000000e+00
0.000000000000000000e+00
0.000000000000000000e+00
0.000000000000000000e+00
0.000000000000000000e+00
0.000000000000000000e+00
0.000000000000000000e+00
0.000000000000000000e+00
0.000000000000000000e+00
0.000000000000000000e+00
0.000000000000000000e+00
0.000000000000000000e+00
0.000000000000000000e+00
0.000000000000000000e+00
0.000000000000000000e+00
0.000000000000000000e+00
0.000000000000000000e+00
0.000000000000000000e+00
0.000000000000000000e+00
0.000000000000000000e+00
0.000000000000000000e+00
0.000000000000000000e+00
0.000000000000000000e+00
0.000000000000000000e+00
0.000000000000000000e+00
0.000000000000000000e+00
0.000000000000000000e+00
0.000000000000000000e+00
0.000000000000000000e+00
0.000000000000000000e+00
0.000000000000000000e+00
0.000000000000000000e+00
0.000000000000000000e+00
0.000000000000000000e+00
0.000000000000000000e+00
0.000000000000000000e+00
0.000000000000000000e+00
0.000000000000000000e+00
0.000000000000000000e+00
0.000000000000000000e+00
0.000000000000000000e+00
0.000000000000000000e+00
0.000000000000000000e+00
0.000000000000000000e+00
0.000000000000000000e+00
0.000000000000000000e+00
0.000000000000000000e+00
0.000000000000000000e+00
0.000000000000000000e+00
0.000000000000000000e+00
0.000000000000000000e+00
0.000000000000000000e+00
0.000000000000000000e+00
0.000000000000000000e+00
0.000000000000000000e+00
0.000000000000000000e+00
0.000000000000000000e+00
0.000000000000000000e+00
0.000000000000000000e+00
0.000000000000000000e+00
0.000000000000000000e+00
0.000000000000000000e+00
0.000000000000000000e+00
0.000000000000000000e+00
0.000000000000000000e+00
0.000000000000000000e+00
0.000000000000000000e+00
0.000000000000000000e+00
0.000000000000000000e+00
0.000000000000000000e+00
0.000000000000000000e+00
0.000000000000000000e+00
0.000000000000000000e+00
0.000000000000000000e+00
0.000000000000000000e+00
0.000000000000000000e+00
0.000000000000000000e+00
0.000000000000000000e+00
0.000000000000000000e+00
0.000000000000000000e+00
0.000000000000000000e+00
0.000000000000000000e+00
0.000000000000000000e+00
0.000000000000000000e+00
0.000000000000000000e+00
0.000000000000000000e+00
0.000000000000000000e+00
0.000000000000000000e+00
0.000000000000000000e+00
0.000000000000000000e+00
0.000000000000000000e+00
0.000000000000000000e+00
0.000000000000000000e+00
0.000000000000000000e+00
0.000000000000000000e+00
0.000000000000000000e+00
0.000000000000000000e+00
0.000000000000000000e+00
0.000000000000000000e+00
0.000000000000000000e+00
0.000000000000000000e+00
0.000000000000000000e+00
0.000000000000000000e+00
0.000000000000000000e+00
0.000000000000000000e+00
0.000000000000000000e+00
0.000000000000000000e+00
0.000000000000000000e+00
0.000000000000000000e+00
0.000000000000000000e+00
0.000000000000000000e+00
0.000000000000000000e+00
0.000000000000000000e+00
0.000000000000000000e+00
0.000000000000000000e+00
0.000000000000000000e+00
0.000000000000000000e+00
0.000000000000000000e+00
0.000000000000000000e+00
0.000000000000000000e+00
0.000000000000000000e+00
0.000000000000000000e+00
0.000000000000000000e+00
0.000000000000000000e+00
0.000000000000000000e+00
0.000000000000000000e+00
0.000000000000000000e+00
0.000000000000000000e+00
0.000000000000000000e+00
0.000000000000000000e+00
0.000000000000000000e+00
0.000000000000000000e+00
0.000000000000000000e+00
0.000000000000000000e+00
0.000000000000000000e+00
0.000000000000000000e+00
0.000000000000000000e+00
0.000000000000000000e+00
0.000000000000000000e+00
0.000000000000000000e+00
0.000000000000000000e+00
0.000000000000000000e+00
0.000000000000000000e+00
0.000000000000000000e+00
0.000000000000000000e+00
0.000000000000000000e+00
0.000000000000000000e+00
0.000000000000000000e+00
0.000000000000000000e+00
0.000000000000000000e+00
0.000000000000000000e+00
0.000000000000000000e+00
0.000000000000000000e+00
0.000000000000000000e+00
0.000000000000000000e+00
0.000000000000000000e+00
0.000000000000000000e+00
0.000000000000000000e+00
0.000000000000000000e+00
0.000000000000000000e+00
0.000000000000000000e+00
0.000000000000000000e+00
0.000000000000000000e+00
0.000000000000000000e+00
0.000000000000000000e+00
0.000000000000000000e+00
0.000000000000000000e+00
0.000000000000000000e+00
0.000000000000000000e+00
0.000000000000000000e+00
0.000000000000000000e+00
0.000000000000000000e+00
0.000000000000000000e+00
0.000000000000000000e+00
0.000000000000000000e+00
0.000000000000000000e+00
0.000000000000000000e+00
0.000000000000000000e+00
0.000000000000000000e+00
0.000000000000000000e+00
0.000000000000000000e+00
0.000000000000000000e+00
0.000000000000000000e+00
0.000000000000000000e+00
0.000000000000000000e+00
0.000000000000000000e+00
0.000000000000000000e+00
0.000000000000000000e+00
0.000000000000000000e+00
0.000000000000000000e+00
0.000000000000000000e+00
0.000000000000000000e+00
0.000000000000000000e+00
0.000000000000000000e+00
0.000000000000000000e+00
0.000000000000000000e+00
0.000000000000000000e+00
0.000000000000000000e+00
0.000000000000000000e+00
0.000000000000000000e+00
0.000000000000000000e+00
0.000000000000000000e+00
0.000000000000000000e+00
0.000000000000000000e+00
0.000000000000000000e+00
0.000000000000000000e+00
0.000000000000000000e+00
0.000000000000000000e+00
0.000000000000000000e+00
0.000000000000000000e+00
0.000000000000000000e+00
0.000000000000000000e+00
0.000000000000000000e+00
0.000000000000000000e+00
0.000000000000000000e+00
0.000000000000000000e+00
0.000000000000000000e+00
0.000000000000000000e+00
0.000000000000000000e+00
0.000000000000000000e+00
0.000000000000000000e+00
0.000000000000000000e+00
0.000000000000000000e+00
0.000000000000000000e+00
0.000000000000000000e+00
0.000000000000000000e+00
0.000000000000000000e+00
0.000000000000000000e+00
0.000000000000000000e+00
0.000000000000000000e+00
0.000000000000000000e+00
0.000000000000000000e+00
0.000000000000000000e+00
0.000000000000000000e+00
0.000000000000000000e+00
0.000000000000000000e+00
0.000000000000000000e+00
0.000000000000000000e+00
0.000000000000000000e+00
0.000000000000000000e+00
0.000000000000000000e+00
0.000000000000000000e+00
0.000000000000000000e+00
0.000000000000000000e+00
0.000000000000000000e+00
0.000000000000000000e+00
0.000000000000000000e+00
0.000000000000000000e+00
0.000000000000000000e+00
0.000000000000000000e+00
0.000000000000000000e+00
0.000000000000000000e+00
0.000000000000000000e+00
0.000000000000000000e+00
0.000000000000000000e+00
0.000000000000000000e+00
0.000000000000000000e+00
0.000000000000000000e+00
0.000000000000000000e+00
0.000000000000000000e+00
0.000000000000000000e+00
0.000000000000000000e+00
0.000000000000000000e+00
0.000000000000000000e+00
0.000000000000000000e+00
0.000000000000000000e+00
0.000000000000000000e+00
0.000000000000000000e+00
0.000000000000000000e+00
0.000000000000000000e+00
0.000000000000000000e+00
0.000000000000000000e+00
0.000000000000000000e+00
0.000000000000000000e+00
0.000000000000000000e+00
0.000000000000000000e+00
0.000000000000000000e+00
0.000000000000000000e+00
0.000000000000000000e+00
0.000000000000000000e+00
0.000000000000000000e+00
0.000000000000000000e+00
0.000000000000000000e+00
0.000000000000000000e+00
0.000000000000000000e+00
0.000000000000000000e+00
0.000000000000000000e+00
0.000000000000000000e+00
0.000000000000000000e+00
0.000000000000000000e+00
0.000000000000000000e+00
0.000000000000000000e+00
0.000000000000000000e+00
0.000000000000000000e+00
0.000000000000000000e+00
0.000000000000000000e+00
0.000000000000000000e+00
0.000000000000000000e+00
0.000000000000000000e+00
0.000000000000000000e+00
0.000000000000000000e+00
0.000000000000000000e+00
0.000000000000000000e+00
0.000000000000000000e+00
0.000000000000000000e+00
0.000000000000000000e+00
0.000000000000000000e+00
0.000000000000000000e+00
0.000000000000000000e+00
0.000000000000000000e+00
0.000000000000000000e+00
0.000000000000000000e+00
0.000000000000000000e+00
0.000000000000000000e+00
0.000000000000000000e+00
0.000000000000000000e+00
0.000000000000000000e+00
0.000000000000000000e+00
0.000000000000000000e+00
0.000000000000000000e+00
0.000000000000000000e+00
0.000000000000000000e+00
0.000000000000000000e+00
0.000000000000000000e+00
0.000000000000000000e+00
0.000000000000000000e+00
0.000000000000000000e+00
0.000000000000000000e+00
0.000000000000000000e+00
0.000000000000000000e+00
0.000000000000000000e+00
0.000000000000000000e+00
0.000000000000000000e+00
0.000000000000000000e+00
0.000000000000000000e+00
0.000000000000000000e+00
0.000000000000000000e+00
0.000000000000000000e+00
0.000000000000000000e+00
0.000000000000000000e+00
0.000000000000000000e+00
0.000000000000000000e+00
0.000000000000000000e+00
0.000000000000000000e+00
0.000000000000000000e+00
0.000000000000000000e+00
0.000000000000000000e+00
0.000000000000000000e+00
0.000000000000000000e+00
0.000000000000000000e+00
0.000000000000000000e+00
0.000000000000000000e+00
0.000000000000000000e+00
0.000000000000000000e+00
0.000000000000000000e+00
0.000000000000000000e+00
0.000000000000000000e+00
0.000000000000000000e+00
0.000000000000000000e+00
0.000000000000000000e+00
0.000000000000000000e+00
0.000000000000000000e+00
0.000000000000000000e+00
0.000000000000000000e+00
0.000000000000000000e+00
0.000000000000000000e+00
0.000000000000000000e+00
0.000000000000000000e+00
0.000000000000000000e+00
0.000000000000000000e+00
0.000000000000000000e+00
0.000000000000000000e+00
0.000000000000000000e+00
0.000000000000000000e+00
0.000000000000000000e+00
0.000000000000000000e+00
0.000000000000000000e+00
0.000000000000000000e+00
0.000000000000000000e+00
0.000000000000000000e+00
0.000000000000000000e+00
0.000000000000000000e+00
0.000000000000000000e+00
0.000000000000000000e+00
0.000000000000000000e+00
0.000000000000000000e+00
0.000000000000000000e+00
0.000000000000000000e+00
0.000000000000000000e+00
0.000000000000000000e+00
0.000000000000000000e+00
0.000000000000000000e+00
0.000000000000000000e+00
0.000000000000000000e+00
0.000000000000000000e+00
0.000000000000000000e+00
0.000000000000000000e+00
0.000000000000000000e+00
0.000000000000000000e+00
0.000000000000000000e+00
0.000000000000000000e+00
0.000000000000000000e+00
0.000000000000000000e+00
0.000000000000000000e+00
0.000000000000000000e+00
0.000000000000000000e+00
0.000000000000000000e+00
0.000000000000000000e+00
0.000000000000000000e+00
0.000000000000000000e+00
0.000000000000000000e+00
0.000000000000000000e+00
0.000000000000000000e+00
0.000000000000000000e+00
0.000000000000000000e+00
0.000000000000000000e+00
0.000000000000000000e+00
0.000000000000000000e+00
0.000000000000000000e+00
0.000000000000000000e+00
0.000000000000000000e+00
0.000000000000000000e+00
0.000000000000000000e+00
0.000000000000000000e+00
0.000000000000000000e+00
0.000000000000000000e+00
0.000000000000000000e+00
0.000000000000000000e+00
0.000000000000000000e+00
0.000000000000000000e+00
0.000000000000000000e+00
0.000000000000000000e+00
0.000000000000000000e+00
0.000000000000000000e+00
0.000000000000000000e+00
0.000000000000000000e+00
0.000000000000000000e+00
0.000000000000000000e+00
0.000000000000000000e+00
0.000000000000000000e+00
0.000000000000000000e+00
0.000000000000000000e+00
0.000000000000000000e+00
0.000000000000000000e+00
0.000000000000000000e+00
0.000000000000000000e+00
0.000000000000000000e+00
0.000000000000000000e+00
0.000000000000000000e+00
0.000000000000000000e+00
0.000000000000000000e+00
0.000000000000000000e+00
0.000000000000000000e+00
0.000000000000000000e+00
0.000000000000000000e+00
0.000000000000000000e+00
0.000000000000000000e+00
0.000000000000000000e+00
0.000000000000000000e+00
0.000000000000000000e+00
0.000000000000000000e+00
0.000000000000000000e+00
0.000000000000000000e+00
0.000000000000000000e+00
0.000000000000000000e+00
0.000000000000000000e+00
0.000000000000000000e+00
0.000000000000000000e+00
0.000000000000000000e+00
0.000000000000000000e+00
0.000000000000000000e+00
0.000000000000000000e+00
0.000000000000000000e+00
0.000000000000000000e+00
0.000000000000000000e+00
0.000000000000000000e+00
0.000000000000000000e+00
0.000000000000000000e+00
0.000000000000000000e+00
0.000000000000000000e+00
0.000000000000000000e+00
0.000000000000000000e+00
0.000000000000000000e+00
0.000000000000000000e+00
0.000000000000000000e+00
0.000000000000000000e+00
0.000000000000000000e+00
0.000000000000000000e+00
0.000000000000000000e+00
0.000000000000000000e+00
0.000000000000000000e+00
0.000000000000000000e+00
0.000000000000000000e+00
0.000000000000000000e+00
0.000000000000000000e+00
0.000000000000000000e+00
0.000000000000000000e+00
0.000000000000000000e+00
0.000000000000000000e+00
0.000000000000000000e+00
0.000000000000000000e+00
0.000000000000000000e+00
0.000000000000000000e+00
0.000000000000000000e+00
0.000000000000000000e+00
0.000000000000000000e+00
0.000000000000000000e+00
0.000000000000000000e+00
0.000000000000000000e+00
0.000000000000000000e+00
0.000000000000000000e+00
0.000000000000000000e+00
0.000000000000000000e+00
0.000000000000000000e+00
0.000000000000000000e+00
0.000000000000000000e+00
0.000000000000000000e+00
0.000000000000000000e+00
0.000000000000000000e+00
0.000000000000000000e+00
0.000000000000000000e+00
0.000000000000000000e+00
0.000000000000000000e+00
0.000000000000000000e+00
0.000000000000000000e+00
0.000000000000000000e+00
0.000000000000000000e+00
0.000000000000000000e+00
0.000000000000000000e+00
0.000000000000000000e+00
0.000000000000000000e+00
0.000000000000000000e+00
0.000000000000000000e+00
0.000000000000000000e+00
0.000000000000000000e+00
0.000000000000000000e+00
0.000000000000000000e+00
0.000000000000000000e+00
0.000000000000000000e+00
0.000000000000000000e+00
0.000000000000000000e+00
0.000000000000000000e+00
0.000000000000000000e+00
0.000000000000000000e+00
0.000000000000000000e+00
0.000000000000000000e+00
0.000000000000000000e+00
0.000000000000000000e+00
0.000000000000000000e+00
0.000000000000000000e+00
0.000000000000000000e+00
0.000000000000000000e+00
0.000000000000000000e+00
0.000000000000000000e+00
0.000000000000000000e+00
0.000000000000000000e+00
0.000000000000000000e+00
0.000000000000000000e+00
0.000000000000000000e+00
0.000000000000000000e+00
0.000000000000000000e+00
0.000000000000000000e+00
0.000000000000000000e+00
0.000000000000000000e+00
0.000000000000000000e+00
0.000000000000000000e+00
0.000000000000000000e+00
0.000000000000000000e+00
0.000000000000000000e+00
0.000000000000000000e+00
0.000000000000000000e+00
0.000000000000000000e+00
0.000000000000000000e+00
0.000000000000000000e+00
0.000000000000000000e+00
0.000000000000000000e+00
0.000000000000000000e+00
0.000000000000000000e+00
0.000000000000000000e+00
0.000000000000000000e+00
0.000000000000000000e+00
0.000000000000000000e+00
0.000000000000000000e+00
0.000000000000000000e+00
0.000000000000000000e+00
0.000000000000000000e+00
0.000000000000000000e+00
0.000000000000000000e+00
0.000000000000000000e+00
0.000000000000000000e+00
0.000000000000000000e+00
0.000000000000000000e+00
0.000000000000000000e+00
0.000000000000000000e+00
0.000000000000000000e+00
0.000000000000000000e+00
0.000000000000000000e+00
0.000000000000000000e+00
0.000000000000000000e+00
0.000000000000000000e+00
0.000000000000000000e+00
0.000000000000000000e+00
0.000000000000000000e+00
0.000000000000000000e+00
0.000000000000000000e+00
0.000000000000000000e+00
0.000000000000000000e+00
0.000000000000000000e+00
0.000000000000000000e+00
0.000000000000000000e+00
0.000000000000000000e+00
0.000000000000000000e+00
0.000000000000000000e+00
0.000000000000000000e+00
0.000000000000000000e+00
0.000000000000000000e+00
0.000000000000000000e+00
0.000000000000000000e+00
0.000000000000000000e+00
0.000000000000000000e+00
0.000000000000000000e+00
0.000000000000000000e+00
0.000000000000000000e+00
0.000000000000000000e+00
0.000000000000000000e+00
0.000000000000000000e+00
0.000000000000000000e+00
0.000000000000000000e+00
0.000000000000000000e+00
0.000000000000000000e+00
0.000000000000000000e+00
0.000000000000000000e+00
0.000000000000000000e+00
0.000000000000000000e+00
0.000000000000000000e+00
0.000000000000000000e+00
0.000000000000000000e+00
0.000000000000000000e+00
0.000000000000000000e+00
0.000000000000000000e+00
0.000000000000000000e+00
0.000000000000000000e+00
0.000000000000000000e+00
0.000000000000000000e+00
0.000000000000000000e+00
0.000000000000000000e+00
0.000000000000000000e+00
0.000000000000000000e+00
0.000000000000000000e+00
0.000000000000000000e+00
0.000000000000000000e+00
0.000000000000000000e+00
0.000000000000000000e+00
0.000000000000000000e+00
0.000000000000000000e+00
0.000000000000000000e+00
0.000000000000000000e+00
0.000000000000000000e+00
0.000000000000000000e+00
0.000000000000000000e+00
0.000000000000000000e+00
0.000000000000000000e+00
0.000000000000000000e+00
0.000000000000000000e+00
0.000000000000000000e+00
0.000000000000000000e+00
0.000000000000000000e+00
0.000000000000000000e+00
0.000000000000000000e+00
0.000000000000000000e+00
0.000000000000000000e+00
0.000000000000000000e+00
0.000000000000000000e+00
0.000000000000000000e+00
0.000000000000000000e+00
0.000000000000000000e+00
0.000000000000000000e+00
0.000000000000000000e+00
0.000000000000000000e+00
0.000000000000000000e+00
0.000000000000000000e+00
0.000000000000000000e+00
0.000000000000000000e+00
0.000000000000000000e+00
0.000000000000000000e+00
0.000000000000000000e+00
0.000000000000000000e+00
0.000000000000000000e+00
0.000000000000000000e+00
0.000000000000000000e+00
0.000000000000000000e+00
0.000000000000000000e+00
0.000000000000000000e+00
0.000000000000000000e+00
0.000000000000000000e+00
0.000000000000000000e+00
0.000000000000000000e+00
0.000000000000000000e+00
0.000000000000000000e+00
0.000000000000000000e+00
0.000000000000000000e+00
0.000000000000000000e+00
0.000000000000000000e+00
0.000000000000000000e+00
0.000000000000000000e+00
0.000000000000000000e+00
0.000000000000000000e+00
0.000000000000000000e+00
0.000000000000000000e+00
0.000000000000000000e+00
0.000000000000000000e+00
0.000000000000000000e+00
0.000000000000000000e+00
0.000000000000000000e+00
0.000000000000000000e+00
0.000000000000000000e+00
0.000000000000000000e+00
0.000000000000000000e+00
0.000000000000000000e+00
0.000000000000000000e+00
0.000000000000000000e+00
0.000000000000000000e+00
0.000000000000000000e+00
0.000000000000000000e+00
0.000000000000000000e+00
0.000000000000000000e+00
0.000000000000000000e+00
0.000000000000000000e+00
0.000000000000000000e+00
0.000000000000000000e+00
0.000000000000000000e+00
0.000000000000000000e+00
0.000000000000000000e+00
0.000000000000000000e+00
0.000000000000000000e+00
0.000000000000000000e+00
0.000000000000000000e+00
0.000000000000000000e+00
0.000000000000000000e+00
0.000000000000000000e+00
0.000000000000000000e+00
0.000000000000000000e+00
0.000000000000000000e+00
0.000000000000000000e+00
0.000000000000000000e+00
0.000000000000000000e+00
0.000000000000000000e+00
0.000000000000000000e+00
0.000000000000000000e+00
0.000000000000000000e+00
0.000000000000000000e+00
0.000000000000000000e+00
0.000000000000000000e+00
0.000000000000000000e+00
0.000000000000000000e+00
0.000000000000000000e+00
0.000000000000000000e+00
0.000000000000000000e+00
0.000000000000000000e+00
0.000000000000000000e+00
0.000000000000000000e+00
0.000000000000000000e+00
0.000000000000000000e+00
0.000000000000000000e+00
0.000000000000000000e+00
0.000000000000000000e+00
0.000000000000000000e+00
0.000000000000000000e+00
0.000000000000000000e+00
0.000000000000000000e+00
0.000000000000000000e+00
0.000000000000000000e+00
0.000000000000000000e+00
0.000000000000000000e+00
0.000000000000000000e+00
0.000000000000000000e+00
0.000000000000000000e+00
0.000000000000000000e+00
0.000000000000000000e+00
0.000000000000000000e+00
0.000000000000000000e+00
0.000000000000000000e+00
0.000000000000000000e+00
0.000000000000000000e+00
0.000000000000000000e+00
0.000000000000000000e+00
0.000000000000000000e+00
0.000000000000000000e+00
0.000000000000000000e+00
0.000000000000000000e+00
0.000000000000000000e+00
0.000000000000000000e+00
0.000000000000000000e+00
0.000000000000000000e+00
0.000000000000000000e+00
0.000000000000000000e+00
0.000000000000000000e+00
0.000000000000000000e+00
0.000000000000000000e+00
0.000000000000000000e+00
0.000000000000000000e+00
0.000000000000000000e+00
0.000000000000000000e+00
0.000000000000000000e+00
0.000000000000000000e+00
0.000000000000000000e+00
0.000000000000000000e+00
0.000000000000000000e+00
0.000000000000000000e+00
0.000000000000000000e+00
0.000000000000000000e+00
0.000000000000000000e+00
0.000000000000000000e+00
0.000000000000000000e+00
0.000000000000000000e+00
0.000000000000000000e+00
0.000000000000000000e+00
0.000000000000000000e+00
0.000000000000000000e+00
0.000000000000000000e+00
0.000000000000000000e+00
0.000000000000000000e+00
0.000000000000000000e+00
0.000000000000000000e+00
0.000000000000000000e+00
0.000000000000000000e+00
0.000000000000000000e+00
0.000000000000000000e+00
0.000000000000000000e+00
0.000000000000000000e+00
0.000000000000000000e+00
0.000000000000000000e+00
0.000000000000000000e+00
0.000000000000000000e+00
0.000000000000000000e+00
0.000000000000000000e+00
0.000000000000000000e+00
0.000000000000000000e+00
0.000000000000000000e+00
0.000000000000000000e+00
0.000000000000000000e+00
0.000000000000000000e+00
0.000000000000000000e+00
0.000000000000000000e+00
0.000000000000000000e+00
0.000000000000000000e+00
0.000000000000000000e+00
0.000000000000000000e+00
0.000000000000000000e+00
0.000000000000000000e+00
0.000000000000000000e+00
0.000000000000000000e+00
0.000000000000000000e+00
0.000000000000000000e+00
0.000000000000000000e+00
0.000000000000000000e+00
0.000000000000000000e+00
0.000000000000000000e+00
0.000000000000000000e+00
0.000000000000000000e+00
0.000000000000000000e+00
0.000000000000000000e+00
0.000000000000000000e+00
0.000000000000000000e+00
0.000000000000000000e+00
0.000000000000000000e+00
0.000000000000000000e+00
0.000000000000000000e+00
0.000000000000000000e+00
0.000000000000000000e+00
0.000000000000000000e+00
0.000000000000000000e+00
0.000000000000000000e+00
0.000000000000000000e+00
0.000000000000000000e+00
0.000000000000000000e+00
0.000000000000000000e+00
0.000000000000000000e+00
0.000000000000000000e+00
0.000000000000000000e+00
0.000000000000000000e+00
0.000000000000000000e+00
0.000000000000000000e+00
0.000000000000000000e+00
0.000000000000000000e+00
0.000000000000000000e+00
0.000000000000000000e+00
0.000000000000000000e+00
0.000000000000000000e+00
0.000000000000000000e+00
0.000000000000000000e+00
0.000000000000000000e+00
0.000000000000000000e+00
0.000000000000000000e+00
0.000000000000000000e+00
0.000000000000000000e+00
0.000000000000000000e+00
0.000000000000000000e+00
0.000000000000000000e+00
0.000000000000000000e+00
0.000000000000000000e+00
0.000000000000000000e+00
0.000000000000000000e+00
0.000000000000000000e+00
0.000000000000000000e+00
0.000000000000000000e+00
0.000000000000000000e+00
0.000000000000000000e+00
0.000000000000000000e+00
0.000000000000000000e+00
0.000000000000000000e+00
0.000000000000000000e+00
0.000000000000000000e+00
0.000000000000000000e+00
0.000000000000000000e+00
0.000000000000000000e+00
0.000000000000000000e+00
0.000000000000000000e+00
0.000000000000000000e+00
0.000000000000000000e+00
0.000000000000000000e+00
0.000000000000000000e+00
0.000000000000000000e+00
0.000000000000000000e+00
0.000000000000000000e+00
0.000000000000000000e+00
0.000000000000000000e+00
0.000000000000000000e+00
0.000000000000000000e+00
0.000000000000000000e+00
0.000000000000000000e+00
0.000000000000000000e+00
0.000000000000000000e+00
0.000000000000000000e+00
0.000000000000000000e+00
0.000000000000000000e+00
0.000000000000000000e+00
0.000000000000000000e+00
0.000000000000000000e+00
0.000000000000000000e+00
0.000000000000000000e+00
0.000000000000000000e+00
0.000000000000000000e+00
0.000000000000000000e+00
0.000000000000000000e+00
0.000000000000000000e+00
0.000000000000000000e+00
0.000000000000000000e+00
0.000000000000000000e+00
0.000000000000000000e+00
0.000000000000000000e+00
0.000000000000000000e+00
0.000000000000000000e+00
0.000000000000000000e+00
0.000000000000000000e+00
0.000000000000000000e+00
0.000000000000000000e+00
0.000000000000000000e+00
0.000000000000000000e+00
0.000000000000000000e+00
0.000000000000000000e+00
0.000000000000000000e+00
0.000000000000000000e+00
0.000000000000000000e+00
0.000000000000000000e+00
0.000000000000000000e+00
0.000000000000000000e+00
0.000000000000000000e+00
0.000000000000000000e+00
0.000000000000000000e+00
0.000000000000000000e+00
0.000000000000000000e+00
0.000000000000000000e+00
0.000000000000000000e+00
0.000000000000000000e+00
0.000000000000000000e+00
0.000000000000000000e+00
0.000000000000000000e+00
0.000000000000000000e+00
0.000000000000000000e+00
0.000000000000000000e+00
0.000000000000000000e+00
0.000000000000000000e+00
0.000000000000000000e+00
0.000000000000000000e+00
0.000000000000000000e+00
0.000000000000000000e+00
0.000000000000000000e+00
0.000000000000000000e+00
0.000000000000000000e+00
0.000000000000000000e+00
0.000000000000000000e+00
0.000000000000000000e+00
0.000000000000000000e+00
0.000000000000000000e+00
0.000000000000000000e+00
0.000000000000000000e+00
0.000000000000000000e+00
0.000000000000000000e+00
0.000000000000000000e+00
0.000000000000000000e+00
0.000000000000000000e+00
0.000000000000000000e+00
0.000000000000000000e+00
0.000000000000000000e+00
0.000000000000000000e+00
0.000000000000000000e+00
0.000000000000000000e+00
0.000000000000000000e+00
0.000000000000000000e+00
0.000000000000000000e+00
0.000000000000000000e+00
0.000000000000000000e+00
0.000000000000000000e+00
0.000000000000000000e+00
0.000000000000000000e+00
0.000000000000000000e+00
0.000000000000000000e+00
0.000000000000000000e+00
0.000000000000000000e+00
0.000000000000000000e+00
0.000000000000000000e+00
0.000000000000000000e+00
0.000000000000000000e+00
0.000000000000000000e+00
0.000000000000000000e+00
0.000000000000000000e+00
0.000000000000000000e+00
0.000000000000000000e+00
0.000000000000000000e+00
0.000000000000000000e+00
0.000000000000000000e+00
0.000000000000000000e+00
0.000000000000000000e+00
0.000000000000000000e+00
0.000000000000000000e+00
0.000000000000000000e+00
0.000000000000000000e+00
0.000000000000000000e+00
0.000000000000000000e+00
0.000000000000000000e+00
0.000000000000000000e+00
0.000000000000000000e+00
0.000000000000000000e+00
0.000000000000000000e+00
0.000000000000000000e+00
0.000000000000000000e+00
0.000000000000000000e+00
0.000000000000000000e+00
0.000000000000000000e+00
0.000000000000000000e+00
0.000000000000000000e+00
0.000000000000000000e+00
0.000000000000000000e+00
0.000000000000000000e+00
0.000000000000000000e+00
0.000000000000000000e+00
0.000000000000000000e+00
0.000000000000000000e+00
0.000000000000000000e+00
0.000000000000000000e+00
0.000000000000000000e+00
0.000000000000000000e+00
0.000000000000000000e+00
0.000000000000000000e+00
0.000000000000000000e+00
0.000000000000000000e+00
0.000000000000000000e+00
0.000000000000000000e+00
0.000000000000000000e+00
0.000000000000000000e+00
0.000000000000000000e+00
0.000000000000000000e+00
0.000000000000000000e+00
0.000000000000000000e+00
0.000000000000000000e+00
0.000000000000000000e+00
0.000000000000000000e+00
0.000000000000000000e+00
0.000000000000000000e+00
0.000000000000000000e+00
0.000000000000000000e+00
0.000000000000000000e+00
0.000000000000000000e+00
0.000000000000000000e+00
0.000000000000000000e+00
0.000000000000000000e+00
0.000000000000000000e+00
0.000000000000000000e+00
0.000000000000000000e+00
0.000000000000000000e+00
0.000000000000000000e+00
0.000000000000000000e+00
0.000000000000000000e+00
0.000000000000000000e+00
0.000000000000000000e+00
0.000000000000000000e+00
0.000000000000000000e+00
0.000000000000000000e+00
0.000000000000000000e+00
0.000000000000000000e+00
0.000000000000000000e+00
0.000000000000000000e+00
0.000000000000000000e+00
0.000000000000000000e+00
0.000000000000000000e+00
0.000000000000000000e+00
0.000000000000000000e+00
0.000000000000000000e+00
0.000000000000000000e+00
0.000000000000000000e+00
0.000000000000000000e+00
0.000000000000000000e+00
0.000000000000000000e+00
0.000000000000000000e+00
0.000000000000000000e+00
0.000000000000000000e+00
0.000000000000000000e+00
0.000000000000000000e+00
0.000000000000000000e+00
0.000000000000000000e+00
0.000000000000000000e+00
0.000000000000000000e+00
0.000000000000000000e+00
0.000000000000000000e+00
0.000000000000000000e+00
0.000000000000000000e+00
0.000000000000000000e+00
0.000000000000000000e+00
0.000000000000000000e+00
0.000000000000000000e+00
0.000000000000000000e+00
0.000000000000000000e+00
0.000000000000000000e+00
0.000000000000000000e+00
0.000000000000000000e+00
0.000000000000000000e+00
0.000000000000000000e+00
0.000000000000000000e+00
0.000000000000000000e+00
0.000000000000000000e+00
0.000000000000000000e+00
0.000000000000000000e+00
0.000000000000000000e+00
0.000000000000000000e+00
0.000000000000000000e+00
0.000000000000000000e+00
0.000000000000000000e+00
0.000000000000000000e+00
0.000000000000000000e+00
0.000000000000000000e+00
0.000000000000000000e+00
0.000000000000000000e+00
0.000000000000000000e+00
0.000000000000000000e+00
0.000000000000000000e+00
0.000000000000000000e+00
0.000000000000000000e+00
0.000000000000000000e+00
0.000000000000000000e+00
0.000000000000000000e+00
0.000000000000000000e+00
0.000000000000000000e+00
0.000000000000000000e+00
0.000000000000000000e+00
0.000000000000000000e+00
0.000000000000000000e+00
0.000000000000000000e+00
0.000000000000000000e+00
0.000000000000000000e+00
0.000000000000000000e+00
0.000000000000000000e+00
0.000000000000000000e+00
0.000000000000000000e+00
0.000000000000000000e+00
0.000000000000000000e+00
0.000000000000000000e+00
0.000000000000000000e+00
0.000000000000000000e+00
0.000000000000000000e+00
0.000000000000000000e+00
0.000000000000000000e+00
0.000000000000000000e+00
0.000000000000000000e+00
0.000000000000000000e+00
0.000000000000000000e+00
0.000000000000000000e+00
0.000000000000000000e+00
0.000000000000000000e+00
0.000000000000000000e+00
0.000000000000000000e+00
0.000000000000000000e+00
0.000000000000000000e+00
0.000000000000000000e+00
0.000000000000000000e+00
0.000000000000000000e+00
0.000000000000000000e+00
0.000000000000000000e+00
0.000000000000000000e+00
0.000000000000000000e+00
0.000000000000000000e+00
0.000000000000000000e+00
0.000000000000000000e+00
0.000000000000000000e+00
0.000000000000000000e+00
0.000000000000000000e+00
0.000000000000000000e+00
0.000000000000000000e+00
0.000000000000000000e+00
0.000000000000000000e+00
0.000000000000000000e+00
0.000000000000000000e+00
0.000000000000000000e+00
0.000000000000000000e+00
0.000000000000000000e+00
0.000000000000000000e+00
0.000000000000000000e+00
0.000000000000000000e+00
0.000000000000000000e+00
0.000000000000000000e+00
0.000000000000000000e+00
0.000000000000000000e+00
0.000000000000000000e+00
0.000000000000000000e+00
0.000000000000000000e+00
0.000000000000000000e+00
0.000000000000000000e+00
0.000000000000000000e+00
0.000000000000000000e+00
0.000000000000000000e+00
0.000000000000000000e+00
0.000000000000000000e+00
0.000000000000000000e+00
0.000000000000000000e+00
0.000000000000000000e+00
0.000000000000000000e+00
0.000000000000000000e+00
0.000000000000000000e+00
0.000000000000000000e+00
0.000000000000000000e+00
0.000000000000000000e+00
0.000000000000000000e+00
0.000000000000000000e+00
0.000000000000000000e+00
0.000000000000000000e+00
0.000000000000000000e+00
0.000000000000000000e+00
0.000000000000000000e+00
0.000000000000000000e+00
0.000000000000000000e+00
0.000000000000000000e+00
0.000000000000000000e+00
0.000000000000000000e+00
0.000000000000000000e+00
0.000000000000000000e+00
0.000000000000000000e+00
0.000000000000000000e+00
0.000000000000000000e+00
0.000000000000000000e+00
0.000000000000000000e+00
0.000000000000000000e+00
0.000000000000000000e+00
0.000000000000000000e+00
0.000000000000000000e+00
0.000000000000000000e+00
0.000000000000000000e+00
0.000000000000000000e+00
0.000000000000000000e+00
0.000000000000000000e+00
0.000000000000000000e+00
0.000000000000000000e+00
0.000000000000000000e+00
0.000000000000000000e+00
0.000000000000000000e+00
0.000000000000000000e+00
0.000000000000000000e+00
0.000000000000000000e+00
0.000000000000000000e+00
0.000000000000000000e+00
0.000000000000000000e+00
0.000000000000000000e+00
0.000000000000000000e+00
0.000000000000000000e+00
0.000000000000000000e+00
0.000000000000000000e+00
0.000000000000000000e+00
0.000000000000000000e+00
0.000000000000000000e+00
0.000000000000000000e+00
0.000000000000000000e+00
0.000000000000000000e+00
0.000000000000000000e+00
0.000000000000000000e+00
0.000000000000000000e+00
0.000000000000000000e+00
0.000000000000000000e+00
0.000000000000000000e+00
0.000000000000000000e+00
0.000000000000000000e+00
0.000000000000000000e+00
0.000000000000000000e+00
0.000000000000000000e+00
0.000000000000000000e+00
0.000000000000000000e+00
0.000000000000000000e+00
0.000000000000000000e+00
0.000000000000000000e+00
0.000000000000000000e+00
0.000000000000000000e+00
0.000000000000000000e+00
0.000000000000000000e+00
0.000000000000000000e+00
0.000000000000000000e+00
0.000000000000000000e+00
0.000000000000000000e+00
0.000000000000000000e+00
0.000000000000000000e+00
0.000000000000000000e+00
0.000000000000000000e+00
0.000000000000000000e+00
0.000000000000000000e+00
0.000000000000000000e+00
0.000000000000000000e+00
0.000000000000000000e+00
0.000000000000000000e+00
0.000000000000000000e+00
0.000000000000000000e+00
0.000000000000000000e+00
0.000000000000000000e+00
0.000000000000000000e+00
0.000000000000000000e+00
0.000000000000000000e+00
0.000000000000000000e+00
0.000000000000000000e+00
0.000000000000000000e+00
0.000000000000000000e+00
0.000000000000000000e+00
0.000000000000000000e+00
0.000000000000000000e+00
0.000000000000000000e+00
0.000000000000000000e+00
0.000000000000000000e+00
0.000000000000000000e+00
0.000000000000000000e+00
0.000000000000000000e+00
0.000000000000000000e+00
0.000000000000000000e+00
0.000000000000000000e+00
0.000000000000000000e+00
0.000000000000000000e+00
0.000000000000000000e+00
0.000000000000000000e+00
0.000000000000000000e+00
0.000000000000000000e+00
0.000000000000000000e+00
0.000000000000000000e+00
0.000000000000000000e+00
0.000000000000000000e+00
0.000000000000000000e+00
0.000000000000000000e+00
0.000000000000000000e+00
0.000000000000000000e+00
0.000000000000000000e+00
0.000000000000000000e+00
0.000000000000000000e+00
0.000000000000000000e+00
0.000000000000000000e+00
0.000000000000000000e+00
0.000000000000000000e+00
0.000000000000000000e+00
0.000000000000000000e+00
0.000000000000000000e+00
0.000000000000000000e+00
0.000000000000000000e+00
0.000000000000000000e+00
0.000000000000000000e+00
0.000000000000000000e+00
0.000000000000000000e+00
0.000000000000000000e+00
0.000000000000000000e+00
0.000000000000000000e+00
0.000000000000000000e+00
0.000000000000000000e+00
0.000000000000000000e+00
0.000000000000000000e+00
0.000000000000000000e+00
0.000000000000000000e+00
0.000000000000000000e+00
0.000000000000000000e+00
0.000000000000000000e+00
0.000000000000000000e+00
0.000000000000000000e+00
0.000000000000000000e+00
0.000000000000000000e+00
0.000000000000000000e+00
0.000000000000000000e+00
0.000000000000000000e+00
0.000000000000000000e+00
0.000000000000000000e+00
0.000000000000000000e+00
0.000000000000000000e+00
0.000000000000000000e+00
0.000000000000000000e+00
0.000000000000000000e+00
0.000000000000000000e+00
0.000000000000000000e+00
0.000000000000000000e+00
0.000000000000000000e+00
0.000000000000000000e+00
0.000000000000000000e+00
0.000000000000000000e+00
0.000000000000000000e+00
0.000000000000000000e+00
0.000000000000000000e+00
0.000000000000000000e+00
0.000000000000000000e+00
0.000000000000000000e+00
0.000000000000000000e+00
0.000000000000000000e+00
0.000000000000000000e+00
0.000000000000000000e+00
0.000000000000000000e+00
0.000000000000000000e+00
0.000000000000000000e+00
0.000000000000000000e+00
0.000000000000000000e+00
0.000000000000000000e+00
0.000000000000000000e+00
0.000000000000000000e+00
0.000000000000000000e+00
0.000000000000000000e+00
0.000000000000000000e+00
0.000000000000000000e+00
0.000000000000000000e+00
0.000000000000000000e+00
0.000000000000000000e+00
0.000000000000000000e+00
0.000000000000000000e+00
0.000000000000000000e+00
0.000000000000000000e+00
0.000000000000000000e+00
0.000000000000000000e+00
0.000000000000000000e+00
0.000000000000000000e+00
0.000000000000000000e+00
0.000000000000000000e+00
0.000000000000000000e+00
0.000000000000000000e+00
0.000000000000000000e+00
0.000000000000000000e+00
0.000000000000000000e+00
0.000000000000000000e+00
0.000000000000000000e+00
0.000000000000000000e+00
0.000000000000000000e+00
0.000000000000000000e+00
0.000000000000000000e+00
0.000000000000000000e+00
0.000000000000000000e+00
0.000000000000000000e+00
0.000000000000000000e+00
0.000000000000000000e+00
0.000000000000000000e+00
0.000000000000000000e+00
0.000000000000000000e+00
0.000000000000000000e+00
0.000000000000000000e+00
0.000000000000000000e+00
0.000000000000000000e+00
0.000000000000000000e+00
0.000000000000000000e+00
0.000000000000000000e+00
0.000000000000000000e+00
0.000000000000000000e+00
0.000000000000000000e+00
0.000000000000000000e+00
0.000000000000000000e+00
0.000000000000000000e+00
0.000000000000000000e+00
0.000000000000000000e+00
0.000000000000000000e+00
0.000000000000000000e+00
0.000000000000000000e+00
0.000000000000000000e+00
0.000000000000000000e+00
0.000000000000000000e+00
0.000000000000000000e+00
0.000000000000000000e+00
0.000000000000000000e+00
0.000000000000000000e+00
0.000000000000000000e+00
0.000000000000000000e+00
0.000000000000000000e+00
0.000000000000000000e+00
0.000000000000000000e+00
0.000000000000000000e+00
0.000000000000000000e+00
0.000000000000000000e+00
0.000000000000000000e+00
0.000000000000000000e+00
0.000000000000000000e+00
0.000000000000000000e+00
0.000000000000000000e+00
0.000000000000000000e+00
0.000000000000000000e+00
0.000000000000000000e+00
0.000000000000000000e+00
0.000000000000000000e+00
0.000000000000000000e+00
0.000000000000000000e+00
0.000000000000000000e+00
0.000000000000000000e+00
0.000000000000000000e+00
0.000000000000000000e+00
0.000000000000000000e+00
0.000000000000000000e+00
0.000000000000000000e+00
0.000000000000000000e+00
0.000000000000000000e+00
0.000000000000000000e+00
0.000000000000000000e+00
0.000000000000000000e+00
0.000000000000000000e+00
0.000000000000000000e+00
0.000000000000000000e+00
0.000000000000000000e+00
0.000000000000000000e+00
0.000000000000000000e+00
0.000000000000000000e+00
0.000000000000000000e+00
0.000000000000000000e+00
0.000000000000000000e+00
0.000000000000000000e+00
0.000000000000000000e+00
0.000000000000000000e+00
0.000000000000000000e+00
0.000000000000000000e+00
0.000000000000000000e+00
0.000000000000000000e+00
0.000000000000000000e+00
0.000000000000000000e+00
0.000000000000000000e+00
0.000000000000000000e+00
0.000000000000000000e+00
0.000000000000000000e+00
0.000000000000000000e+00
0.000000000000000000e+00
0.000000000000000000e+00
0.000000000000000000e+00
0.000000000000000000e+00
0.000000000000000000e+00
0.000000000000000000e+00
0.000000000000000000e+00
0.000000000000000000e+00
0.000000000000000000e+00
0.000000000000000000e+00
0.000000000000000000e+00
0.000000000000000000e+00
0.000000000000000000e+00
0.000000000000000000e+00
0.000000000000000000e+00
0.000000000000000000e+00
0.000000000000000000e+00
0.000000000000000000e+00
0.000000000000000000e+00
0.000000000000000000e+00
0.000000000000000000e+00
0.000000000000000000e+00
0.000000000000000000e+00
0.000000000000000000e+00
0.000000000000000000e+00
0.000000000000000000e+00
0.000000000000000000e+00
0.000000000000000000e+00
0.000000000000000000e+00
0.000000000000000000e+00
0.000000000000000000e+00
0.000000000000000000e+00
0.000000000000000000e+00
0.000000000000000000e+00
0.000000000000000000e+00
0.000000000000000000e+00
0.000000000000000000e+00
0.000000000000000000e+00
0.000000000000000000e+00
0.000000000000000000e+00
0.000000000000000000e+00
0.000000000000000000e+00
0.000000000000000000e+00
0.000000000000000000e+00
0.000000000000000000e+00
0.000000000000000000e+00
0.000000000000000000e+00
0.000000000000000000e+00
0.000000000000000000e+00
0.000000000000000000e+00
0.000000000000000000e+00
0.000000000000000000e+00
0.000000000000000000e+00
0.000000000000000000e+00
0.000000000000000000e+00
0.000000000000000000e+00
0.000000000000000000e+00
0.000000000000000000e+00
0.000000000000000000e+00
0.000000000000000000e+00
0.000000000000000000e+00
0.000000000000000000e+00
0.000000000000000000e+00
0.000000000000000000e+00
0.000000000000000000e+00
0.000000000000000000e+00
0.000000000000000000e+00
0.000000000000000000e+00
0.000000000000000000e+00
0.000000000000000000e+00
0.000000000000000000e+00
0.000000000000000000e+00
0.000000000000000000e+00
0.000000000000000000e+00
0.000000000000000000e+00
0.000000000000000000e+00
0.000000000000000000e+00
0.000000000000000000e+00
0.000000000000000000e+00
0.000000000000000000e+00
0.000000000000000000e+00
0.000000000000000000e+00
0.000000000000000000e+00
0.000000000000000000e+00
0.000000000000000000e+00
0.000000000000000000e+00
0.000000000000000000e+00
0.000000000000000000e+00
0.000000000000000000e+00
0.000000000000000000e+00
0.000000000000000000e+00
0.000000000000000000e+00
0.000000000000000000e+00
0.000000000000000000e+00
0.000000000000000000e+00
0.000000000000000000e+00
0.000000000000000000e+00
0.000000000000000000e+00
0.000000000000000000e+00
0.000000000000000000e+00
0.000000000000000000e+00
0.000000000000000000e+00
0.000000000000000000e+00
0.000000000000000000e+00
0.000000000000000000e+00
0.000000000000000000e+00
0.000000000000000000e+00
0.000000000000000000e+00
0.000000000000000000e+00
0.000000000000000000e+00
0.000000000000000000e+00
0.000000000000000000e+00
0.000000000000000000e+00
0.000000000000000000e+00
0.000000000000000000e+00
0.000000000000000000e+00
0.000000000000000000e+00
0.000000000000000000e+00
0.000000000000000000e+00
0.000000000000000000e+00
0.000000000000000000e+00
0.000000000000000000e+00
0.000000000000000000e+00
0.000000000000000000e+00
0.000000000000000000e+00
0.000000000000000000e+00
0.000000000000000000e+00
0.000000000000000000e+00
0.000000000000000000e+00
0.000000000000000000e+00
0.000000000000000000e+00
0.000000000000000000e+00
0.000000000000000000e+00
0.000000000000000000e+00
0.000000000000000000e+00
0.000000000000000000e+00
0.000000000000000000e+00
0.000000000000000000e+00
0.000000000000000000e+00
0.000000000000000000e+00
0.000000000000000000e+00
0.000000000000000000e+00
0.000000000000000000e+00
0.000000000000000000e+00
0.000000000000000000e+00
0.000000000000000000e+00
0.000000000000000000e+00
0.000000000000000000e+00
0.000000000000000000e+00
0.000000000000000000e+00
0.000000000000000000e+00
0.000000000000000000e+00
0.000000000000000000e+00
0.000000000000000000e+00
0.000000000000000000e+00
0.000000000000000000e+00
0.000000000000000000e+00
0.000000000000000000e+00
0.000000000000000000e+00
0.000000000000000000e+00
0.000000000000000000e+00
0.000000000000000000e+00
0.000000000000000000e+00
0.000000000000000000e+00
0.000000000000000000e+00
0.000000000000000000e+00
0.000000000000000000e+00
0.000000000000000000e+00
0.000000000000000000e+00
0.000000000000000000e+00
0.000000000000000000e+00
0.000000000000000000e+00
0.000000000000000000e+00
0.000000000000000000e+00
0.000000000000000000e+00
0.000000000000000000e+00
0.000000000000000000e+00
0.000000000000000000e+00
0.000000000000000000e+00
0.000000000000000000e+00
0.000000000000000000e+00
0.000000000000000000e+00
0.000000000000000000e+00
0.000000000000000000e+00
0.000000000000000000e+00
0.000000000000000000e+00
0.000000000000000000e+00
0.000000000000000000e+00
0.000000000000000000e+00
0.000000000000000000e+00
0.000000000000000000e+00
0.000000000000000000e+00
0.000000000000000000e+00
0.000000000000000000e+00
0.000000000000000000e+00
0.000000000000000000e+00
0.000000000000000000e+00
0.000000000000000000e+00
0.000000000000000000e+00
0.000000000000000000e+00
0.000000000000000000e+00
0.000000000000000000e+00
0.000000000000000000e+00
0.000000000000000000e+00
0.000000000000000000e+00
0.000000000000000000e+00
0.000000000000000000e+00
0.000000000000000000e+00
0.000000000000000000e+00
0.000000000000000000e+00
0.000000000000000000e+00
0.000000000000000000e+00
0.000000000000000000e+00
0.000000000000000000e+00
0.000000000000000000e+00
0.000000000000000000e+00
0.000000000000000000e+00
0.000000000000000000e+00
0.000000000000000000e+00
0.000000000000000000e+00
0.000000000000000000e+00
0.000000000000000000e+00
0.000000000000000000e+00
0.000000000000000000e+00
0.000000000000000000e+00
0.000000000000000000e+00
0.000000000000000000e+00
0.000000000000000000e+00
0.000000000000000000e+00
0.000000000000000000e+00
0.000000000000000000e+00
0.000000000000000000e+00
0.000000000000000000e+00
0.000000000000000000e+00
0.000000000000000000e+00
0.000000000000000000e+00
0.000000000000000000e+00
0.000000000000000000e+00
0.000000000000000000e+00
0.000000000000000000e+00
0.000000000000000000e+00
0.000000000000000000e+00
0.000000000000000000e+00
0.000000000000000000e+00
0.000000000000000000e+00
0.000000000000000000e+00
0.000000000000000000e+00
0.000000000000000000e+00
0.000000000000000000e+00
0.000000000000000000e+00
0.000000000000000000e+00
0.000000000000000000e+00
0.000000000000000000e+00
0.000000000000000000e+00
0.000000000000000000e+00
0.000000000000000000e+00
0.000000000000000000e+00
0.000000000000000000e+00
0.000000000000000000e+00
0.000000000000000000e+00
0.000000000000000000e+00
0.000000000000000000e+00
0.000000000000000000e+00
0.000000000000000000e+00
0.000000000000000000e+00
0.000000000000000000e+00
0.000000000000000000e+00
0.000000000000000000e+00
0.000000000000000000e+00
0.000000000000000000e+00
0.000000000000000000e+00
0.000000000000000000e+00
0.000000000000000000e+00
0.000000000000000000e+00
0.000000000000000000e+00
0.000000000000000000e+00
0.000000000000000000e+00
0.000000000000000000e+00
0.000000000000000000e+00
0.000000000000000000e+00
0.000000000000000000e+00
0.000000000000000000e+00
0.000000000000000000e+00
0.000000000000000000e+00
0.000000000000000000e+00
0.000000000000000000e+00
0.000000000000000000e+00
0.000000000000000000e+00
0.000000000000000000e+00
0.000000000000000000e+00
0.000000000000000000e+00
0.000000000000000000e+00
0.000000000000000000e+00
0.000000000000000000e+00
0.000000000000000000e+00
0.000000000000000000e+00
0.000000000000000000e+00
0.000000000000000000e+00
0.000000000000000000e+00
0.000000000000000000e+00
0.000000000000000000e+00
0.000000000000000000e+00
0.000000000000000000e+00
0.000000000000000000e+00
0.000000000000000000e+00
0.000000000000000000e+00
0.000000000000000000e+00
0.000000000000000000e+00
0.000000000000000000e+00
0.000000000000000000e+00
0.000000000000000000e+00
0.000000000000000000e+00
0.000000000000000000e+00
0.000000000000000000e+00
0.000000000000000000e+00
0.000000000000000000e+00
0.000000000000000000e+00
0.000000000000000000e+00
0.000000000000000000e+00
0.000000000000000000e+00
0.000000000000000000e+00
0.000000000000000000e+00
0.000000000000000000e+00
0.000000000000000000e+00
0.000000000000000000e+00
0.000000000000000000e+00
0.000000000000000000e+00
0.000000000000000000e+00
0.000000000000000000e+00
0.000000000000000000e+00
0.000000000000000000e+00
0.000000000000000000e+00
0.000000000000000000e+00
0.000000000000000000e+00
0.000000000000000000e+00
0.000000000000000000e+00
0.000000000000000000e+00
0.000000000000000000e+00
0.000000000000000000e+00
0.000000000000000000e+00
0.000000000000000000e+00
0.000000000000000000e+00
0.000000000000000000e+00
0.000000000000000000e+00
0.000000000000000000e+00
0.000000000000000000e+00
0.000000000000000000e+00
0.000000000000000000e+00
0.000000000000000000e+00
0.000000000000000000e+00
0.000000000000000000e+00
0.000000000000000000e+00
0.000000000000000000e+00
0.000000000000000000e+00
0.000000000000000000e+00
0.000000000000000000e+00
0.000000000000000000e+00
0.000000000000000000e+00
0.000000000000000000e+00
0.000000000000000000e+00
0.000000000000000000e+00
0.000000000000000000e+00
0.000000000000000000e+00
0.000000000000000000e+00
0.000000000000000000e+00
0.000000000000000000e+00
0.000000000000000000e+00
0.000000000000000000e+00
0.000000000000000000e+00
0.000000000000000000e+00
0.000000000000000000e+00
0.000000000000000000e+00
0.000000000000000000e+00
0.000000000000000000e+00
0.000000000000000000e+00
